-367486209
295342414
2041397718
-1803317496
1155948291
-1888826821
43177685
-945212929
-69380254
557644985
1332841091
-2064442446
1812829170
-2129163437
-1630027873
1911854348
862880947
-1199312076
873716712
-1236716440
414116880
-160298206
880102919
-1044432977
-627363483
1436269995
2029882795
-201004124
2033702849
942518941
-329352714
-420170626
1749425388
13409210
-485115369
-633304138
1371866283
777394348
-162855881
-1443428574
1868649538
1647797814
873557657
241777987
-1611972039
1076055212
1057631996
1956256474
-770646429
-1265368667
778660931
802487744
67663387
1293742318
2084832855
-795694857
1355184337
1700503745
219641932
531686907
1930338500
-325704395
-1226098494
947021662
-177708016
369678072
-1434633075
-184434541
1610281451
-137608900
-1545502824
-510949623
181747755
-1118340369
-602490874
246476923
-2140476149
-500015314
-930048103
-699039098
1230436653
-626108165
-623231145
987735931
-1946051101
-1967933908
-1619408534
1378696310
-1596537943
152876454
-362279609
-671454033
-628171530
-604981
-1359085038
-796234225
-1847318221
-1030381520
-747936959
692515590
-1859476469
686508947
-891257985
-1425775205
1457595621
-816638709
802109906
-706330684
582382254
1647122305
-2025458433
1925190903
920997851
-1333071778
-106397396
-1367006976
1148633774
-402285435
976387015
1797353493
1009393079
1356836996
1207431591
1664414759
464948381
1410752517
-959986832
-1394992262
806496542
1748437130
-1499108294
-936985481
1436998739
-1930022055
-741994892
-2119210304
790466616
1272988340
22473478
-1522366075
250377579
1162559053
-49174858
2056367893
1599955252
1463055096
-1425735220
-774558280
-326268987
-1892951646
104785399
-1696672325
1412961986
-1273333375
-1502679439
-1966193461
-1942916094
399522188
308727394
-1259710842
1922114711
236508461
-170903167
-2025289137
2112135179
1457449013
1808151297
-1121684895
950375404
-1512094192
1652156074
1280737318
1305631627
1541279801
1944678469
1786429897
-1523601408
1316110319
-550423236
-1504877303
-1062808464
-342649047
-345590654
-204729520
430162578
409087174
1651896496
-83330301
1233853294
1314785288
-563554192
462002715
-73932697
-759660733
-669888226
1574870516
-319997828
-2016391727
697092011
64973925
162055626
344233288
-1818858555
-347854320
931549012
-1357234706
-1194100428
1996378618
-798113018
892496492
2141270919
-145542563
-1387211785
-955780414
1487566831
1751179965
-330450706
1964317307
538511722
129238840
408997671
-1012795871
793574179
1965421858
-850975401
-1697696782
1605754136
1721765073
1808806636
1656241107
-1157656835
316300468
-2114109544
1971509892
192863584
1509482922
-2093924592
467790868
2145930509
-313788272
-1482939120
116636055
-786581325
-1364339428
-482806365
-1279525353
1720034502
-1388310039
-60418656
-1811626296
-1893110361
1441377745
-996958345
-311385474
705016834
52890242
989577261
2101072995
-926241928
1187168331
504717476
1825668580
469774205
1512528695
-726556896
-1942686741
408666754
-1268296356
397991174
445559635
-246097067
152691316
-645634843
1445963928
-1897519928
-301965140
1277029562
1129627342
1110479761
810648252
-595691409
1864362452
144668272
-356219081
-2105909083
970661833
-444930922
-1270345437
-341802573
1810691517
-1597493691
-1711966772
388945645
2066600875
1445868467
-292908075
-1029765592
499643303
-1718761932
-1950251121
493985661
867934291
-547588201
-1082208115
939988301
63202967
1053981647
1833155703
1623306374
-1963774320
1642234069
-1529074914
-2070149853
-1424199736
-2063818547
521928657
-787240199
1249440936
621531751
1509020654
1828732591
-1714757334
1731165064
-480657733
-1863651571
1296036050
1235814952
1343506038
-2047141254
1785012190
1385150333
1018351274
-791625537
-1576062020
626710873
-20179005
-1007825647
-211888453
1047881168
-1639930908
-539263923
1950235397
34835741
-1533012744
1179214724
-1356760883
1806536133
-130164729
1563941562
-1666049084
2081498876
-1835748918
-669528085
497128400
657280328
-2088894336
1122387534
879066367
-19790492
-2051356926
-286652964
-2091126087
1457031526
-359017195
-1776402669
-1593482699
-1345971165
-479747841
163391223
1021612078
155070162
352953948
-435564711
1533855189
1807662319
-437232079
833142619
-646883063
-1150549407
1705518145
1707806770
520684484
1516171230
-385704545
107483693
1376435928
-1975778930
861369476
1526578679
1215370204
17718254
234126690
823162392
-28566944
247288567
-1614636743
-836313919
-390491033
-1389314178
1638263080
1334231496
1524489750
932890333
-1250613434
-423334672
2052039848
-2086405933
-2033370958
1803929710
1360238756
195094440
-473740056
552546216
862228306
-2117689708
-1463214506
-666376641
1918355306
-473589151
-2076432338
-1765770417
-1456192241
1116285007
609346941
-500851467
-2058389253
1431523127
312503676
-336715759
-693065990
1749788402
-459013850
331038796
-706756708
-1223048709
630677002
105798748
-1604607707
579472722
-318903710
-194530682
-193006648
-423212381
60558947
-1573527196
-1638263532
1687750823
-410300714
204878056
-193214802
-1245332022
-455279385
-35526752
1292473408
150300942
-602435780
-1450889157
-1004264271
793894190
-1878525879
1264603979
-1012733290
1256724998
1646366178
1560037708
-319428633
-1148430287
87840273
1420290276
-1212974859
-1233081612
-1154822871
1621308780
-448570725
-37135270
1469937946
-1043164754
-478715980
-316119137
1130094087
657185520
536185292
778810833
-1421891563
-1112821711
-597788391
1666187444
-1881661818
549546418
844523435
-1695252506
-1972816891
1225032887
105260002
-1980119997
1666893890
1525581710
-1156792799
-383228534
1784803009
1770037712
-1758339648
-1390254528
1526157039
23891174
817099079
-1267961388
1162539382
-2066976562
-1903383080
776624387
-703131951
-303181537
1639551467
515666045
-1548176606
-1519401398
440229697
-1465797176
638470979
1697974050
980074514
-119742876
1309241114
447645341
588745608
-90655440
-2099086031
-670324261
1499159920
933915148
582081413
-517383576
-1586268882
651605950
-1675890275
-18253635
361828338
-2035743719
1006251998
-2043645172
-369708504
2094653019
-574834659
-278985667
-585362380
-365658153
-1528464522
-1007001805
1507305055
2143367891
-1430855333
-627750317
1040703500
-1913338957
1513966575
-382668987
-1457140178
-1878826922
-545518188
-59481348
2127402237
242715071
972792770
981871092
-1327441689
1930689528
-394245350
-482132806
1722958532
-955142094
-796049222
-515682127
-1578593458
1916362033
-1714797358
-1613600494
-1178928688
-278259226
-1465503113
-1509690316
-2129681892
-267057571
-1108688713
-1635518195
-148853311
-1638916391
-542981908
-1425073928
1004211325
44080444
66416213
-507352648
476964848
431983788
1169072866
-1778357316
-793209198
-710839437
-1923807922
381198500
-1968158233
909391655
1043104883
481527299
-726275088
1473552138
-577457191
-2057504666
-1368924188
-374400845
-367534705
-1247591787
402823712
-78273811
1467538750
757161240
-1239530661
-1592851746
-480569222
1076830716
1237768989
536979307
-1006557093
2010806486
1993313649
1486806747
-179042228
-713507064
1125724121
349782714
-1725047262
-860884926
-1735452286
-218399233
-872370320
-1765059765
270322360
2074268016
-677210087
-181948671
1225922459
-877462971
-2003937755
985615262
-443364846
1078943499
1602240216
-1231141828
-49680640
222275275
-2025524992
1317792922
-261602634
1139023467
-1911531378
985550624
1014526120
-465530797
1745409896
-1657207008
1410013794
1357541971
-820271235
-506922146
292018620
1142001091
-1746089447
-224215854
-1148210612
-307722773
-1912203142
-507408981
1940956700
-1826299739
797854114
2088850583
-1729011300
648312129
-1677065874
-1513226175
-138988839
1069573544
-147440409
1608982299
-1929920529
2050229699
-1305694249
962506589
424358076
-268413667
-956831841
-1243190452
2039136214
-1541738810
784746311
720311743
-1223498050
-1170107526
1179136214
106007262
1870633301
645509635
-1883836444
980523309
-1238612850
-1789554213
1137129837
-2084116792
2655332
328139796
1940083943
-675780880
1357759758
-98451844
2067153557
-1065671739
2050048881
-905067268
500331293
-311599019
1190207702
-2104720064
-1529617320
1332958933
1083342301
201951388
-1853442199
-1251272915
-3026768
735698989
379098128
-903788103
-1180308870
381398847
1525443904
1535695437
-1253482470
-992380946
353204974
-23867526
1269123603
664997391
83328299
69980687
-460091449
-91728816
783785076
-1632818974
2065576421
700458909
214596425
1680813263
-1706801122
1745362117
-1571730181
-1525581567
-2027641314
468710493
-595524150
2012568432
-1493607494
151906532
-582223826
-926987862
-833715099
531053351
-126389387
263478741
1855068648
1881841894
-1789642867
-997974029
-557728175
93354424
325702179
-682680473
-824790740
747564587
-590202644
-339795783
1390371824
-1680974545
788804929
944628629
-1917230660
-584270925
-677350159
-2111584999
-2091549118
-136000880
1203655762
-188235184
-627343357
-1990703450
1651684761
-1871798536
-1499350596
1955231556
1276934507
-1571867509
-1321187552
-112542003
346516659
2084449661
760144070
568660375
1219477429
1010020545
1482128228
-215451882
-2122491293
2105655697
158803517
-185468615
-1016094225
-592816274
-926294824
1936500243
-2098756703
674263654
391462898
421365694
977721578
1286582165
-2043582028
836548220
-1518765896
-1522916883
200167720
1699408158
-1712485877
-2102103239
1411870953
107292584
-2111444025
-505114274
639542554
466519093
1265288652
1483172836
1062368408
193068568
-272001213
-251230796
1569929587
-887295164
668423738
-1204920541
-1537352551
-1374370835
2075948147
366148654
-226879276
1529908334
993779065
1126173447
977631478
885660013
-2048704013
1948675792
267617617
300382780
-1062976452
-124702043
-1465985940
-1418668670
-1308927438
780675296
-1433537804
-1629723622
717387853
-1199129961
-573942031
-1998277062
488298995
-833508503
-480849351
226207447
1572502283
-1835084422
741750824
-663838392
-341895472
783163835
-11916656
-766042839
2012332007
-1287438226
824001006
700216450
1359177138
-949754391
1915421919
117078055
-1459889434
1765183385
-1435802926
215115361
676999514
546968905
-1827756547
1304569805
-1627488478
768510628
-1397616492
1771566724
-1855823652
1829516536
1344575800
-982068357
69651785
-764569284
492206765
-1797099987
-881652193
-1000479148
-1635415344
-357604746
1594487324
-166903918
-261911353
-1625362238
-1263039394
998288256
1913844346
1127978086
1779111153
-1377064228
1823064385
-84009907
-378159447
626899939
-1062105635
907618775
-1625254350
-592556590
-1542011988
1153645053
2086190693
439740585
1936239384
-2135581512
1184013788
193695025
1634657104
-1525088605
-1510354488
6918464
791692090
1350461662
-796067327
-1186104261
131225000
76405558
-1759399330
899327965
-1904745271
637658242
-1566683834
-79713994
1136150753
119135567
-830725241
593151477
-1146065348
1294117055
-880898714
-61212183
-129382816
-1857019987
-273164042
-19443516
1549965441
-467695083
1085723053
1597675554
-2025429703
1797114547
525118771
792047049
1671188856
561127657
1661235581
-943657422
1826409656
1849205989
1398941722
-627996856
-1312889227
-960110077
-2020511028
-648301714
740361948
-1868614801
-544189094
1708073159
1593310914
1971963662
761022628
-950269776
-1274371369
97282718
-1099633928
1202961297
753886747
-404846821
1466491299
752854229
-1205557361
-1551831452
-1051279415
1811286838
-478959824
-421306594
1033176697
1109659965
-212249056
-1320951080
-615411205
-2026325495
1261401638
899902064
657066092
-1386940850
-293356456
1274891444
851713420
690027936
280095510
-1910142133
-880427050
489125873
-1347348678
-1857289770
-2131066159
234568536
424905869
1012982609
108321446
-1814781421
-1438907012
-663148097
-1924203279
765443279
-1161680373
-652747770
119044827
-918231770
1663797768
1496010263
1044047976
1233745000
-717388156
618381137
1634805005
1400808093
-2139103617
-1036322009
-804120187
1213256138
130994914
163241983
-1813446940
1420413299
1700206001
1833627741
1046643436
-2130925983
352647296
1482379840
-1552458338
1178239653
269717030
235266252
-768463852
886774236
369079216
-343657432
1782031501
420801971
-1427229544
-165428311
345339849
-623595859
1221819959
2069333551
361591703
1253829923
580818551
1234744527
441957035
-1955899764
512772556
-1883335758
439362997
-1076034818
570606692
-930126532
984621486
-791177483
-1401615716
-1345655952
-1783128204
751517010
82904246
655432594
-935532391
1526054309
-887483959
571336717
-1367052937
-1799671122
-1348643336
1149060247
1354686599
-1695210208
-40093722
1344850066
69022450
-254669143
-1153646231
-147680331
1028605544
385583406
-1307388035
639064299
-1420072911
1616490075
332430714
-1962167430
1779034497
1512991578
-1948608631
-1812518296
-2097059569
1537985761
-163389356
-2087614951
1902485992
-1043036302
796853756
-1353884612
-426519681
1134968798
960504399
-1392183832
-189458679
209803274
2001535546
-821234687
-426756601
1337607157
-294326148
161633760
545904164
2088545017
249034652
1675609650
911937088
1290328400
-1256403171
-1296018912
150190284
-1831320103
855369711
1014230704
-243329192
-667013092
-1979036633
1470918762
1054251881
-454714741
-1155119630
1540348222
857204879
-1080154870
2090009031
-1637408603
751854519
1375570865
-1611685925
-2047944187
998368189
-67908144
1929996506
1285643609
1600739141
-338935501
-363849261
757618193
-1985383477
1209406886
346979187
-912401354
-645348873
932383931
1442363509
2032368593
-560751819
-1343002166
38086489
1003998861
-77075323
185753144
-124028077
-1235645541
-1694903665
-1814661636
-1045327738
1066480085
1333617401
739100767
-282310799
-1687637979
1209218813
-2083131134
609100713
-173363160
-971338955
94115109
1768202696
2008639245
1709508793
130119973
2061531301
-194572093
-2051699861
984967750
1796487620
-1925678765
-894142064
-534937421
-1655175920
1979463817
2065268899
-1716421182
1107837895
-1926790182
-126629019
-1929360773
-1480548683
-82593151
1106707768
-123217318
-23878748
1850085354
-834355539
-270404012
1360186898
2040330324
-745601189
-823905257
872539940
-1730856015
-446017294
-1380868714
-338956069
445829840
-1502482545
-203371324
-444657531
-1288179011
-1169962159
-1899921505
1937255541
2073487975
-1886578901
-931600273
-885116683
808564355
2066424059
2052865615
-2053623685
1669623728
-1040150821
860180972
183030555
503707356
-128934473
-736810356
-947074755
-614693915
-1065929440
1163194194
362886543
-1678116221
-1192369058
-249192257
108151356
-1490146972
-268755765
280192636
-1658759843
-906274920
-1419100834
342455638
1360369840
752600111
-1048558714
913297800
2025900167
-59966432
1061827896
-540249792
1735228930
-253744532
346003531
-166362276
-496277376
2086454914
-117142781
1916460660
507587154
-210418459
-1958981142
348707868
-1429025615
581152267
-1189712154
2036802666
-1058603278
1656635272
51221896
-965071435
-479947529
-1431143573
15798433
1458992288
239401192
1222068712
1330015515
-538922922
63931427
-1341320906
2040167941
417761046
696054640
384624570
-1714024977
-63994127
-1071551879
-407485339
-518270601
1832806098
-1175537032
817680729
-1996853469
-306785345
-1681399758
1292780754
1293332594
-379826595
-2122715869
-433953725
1662988333
-991765319
-989999110
-1478126145
1646008834
-177040315
-483807161
-1701796966
-264057006
-179617760
-344993422
130455120
-1197570743
1829087129
800338158
882624676
-983814097
-1530644235
-1809755217
-1900570100
697913341
-1921180560
276297433
1374970700
-75861453
-56364159
-472082503
737644896
642219240
471451746
350291704
645270174
295245602
1773007311
-122193139
-1250475492
-1887190425
-991760627
962582003
1596693838
-580748909
324436013
-1300819428
621875188
-1163138836
-1805877615
979110564
-596962766
-61172877
2001746351
953946826
-1665051392
1931573628
370695189
-1462955877
-1737828156
741086337
43359404
-1507717393
996231740
-792609742
309641280
23231129
-1712141919
1309788367
-1251954881
-79986983
-1180270583
-1393621318
504996800
2053518613
1695196940
-1634316473
1539486663
-359359544
1030284970
1493523159
772225991
-675116870
-171430549
-668721116
-1462899353
359074417
-814651704
-95136547
726107784
1473637607
-207703095
-1944067211
-1903987577
250107260
1716718063
-1728550345
294971327
-1224824275
1976720467
-75032675
-2131289263
-673368058
-2028948722
-2144503838
2089276710
1527270613
1676727515
491587542
-279223755
-1940146144
311518971
133472496
-1491234047
-219879592
930195288
1307579049
568818789
-1396305587
-182115091
1093106951
-911605613
979117285
-1512039836
1493254263
-674667431
-1035440376
329010944
1179817695
1921414310
479865822
-2060410435
714615284
1955987533
509835068
-5004620
619789000
-300963320
600330331
237231812
2079141542
1223251646
474850506
-1277771409
1810142497
314883080
-15100251
2061054209
999553898
-2044144911
-1707773433
-730117898
1832919266
-828820739
-336263748
-504179043
1192255728
-1181116052
1471042363
-1147765768
717579795
-1563680577
-98055726
418225382
1220508218
1060957307
-2049801949
-521176445
-1247213485
-740930260
1984505550
1519263951
844047137
-115040084
484676463
139463309
-2089081518
1933669029
1085946570
1753587565
-650264880
-1137598125
2054417221
-53088148
-615709865
-1854240114
2062258326
-508537221
-1340322233
1332643079
1650650556
-2031691938
124653498
-705615407
-1076723150
-1869646633
1955387097
-1887948253
-1137308062
-1198994941
1767517547
1947594076
263744343
-2015323390
-281601874
1134990150
1301850551
-1574880547
-424455318
-200673634
-1295143953
-42669148
-1876060862
1994873811
1108127663
-2319145
1734376268
-1911457778
-1725269351
-173429753
-948115996
-1300439950
-2028593612
1983941563
1177280445
-400862812
707233574
-64719721
1994351160
1293084557
-479507550
-2102754118
-1501918472
-588268194
137915679
1488253288
-1093724490
484165076
921960778
1522347753
-1695074991
-1797780547
162657852
1769878192
-1234171096
1067924154
-2136906257
-1812057154
-364219476
-1613664187
-1977209618
231312712
1393350960
1478858997
510179403
-1826183273
138032642
-241377792
1128283862
1462045487
-518024513
-1815550206
988469643
1894253107
-1966434845
-1740770308
256520012
145714183
-165611361
150344606
-2087540785
942122806
-63310609
-977602104
1388730841
-961301098
-1348992789
-2122827186
288630956
536018602
1811049308
1311763451
1304872125
989221959
1763945874
-1855457320
-461995095
-1448206983
-1983216013
193370285
1089225578
-598357082
-797363497
-285684024
1989332165
1514077684
1747932947
-1335505924
624388358
2057369320
1670409683
1541315564
-1506697489
456607823
991023149
1948880009
-1324004627
700766560
-226972942
356326104
-1217296755
792636194
-1968081594
-1443469320
-2007887059
-1447821557
-1282425742
-1420592541
895499254
188728297
1520326904
-986067084
-1076141303
-223777531
-703242009
1448476968
1114680824
1410963333
-1232311439
-2044099544
1367115127
531178002
1146419642
1512555014
1287117906
-1227384134
-271443726
152310727
-1224838750
-1956632810
1944031653
-823762783
704283195
1337084591
-1750321071
999580933
-1487561368
-1782173795
-1215286472
813295070
1456836826
-631614095
-341751433
-889564133
-607674404
857918036
-2074833064
1805296747
1938520523
-196062609
-90307613
-142975161
-701324347
391651726
2129916858
-1157681867
541084064
1347095295
1118123302
-671718583
-589256162
177556416
-162623124
-1952164881
162435678
-672247080
-399708315
-2106497048
-1013932908
-1227740155
-1563487411
-882818158
1319052796
1599369366
-243071014
1031830635
-1533071349
129426074
554206352
2033820375
1705877735
-1137961414
567469395
1464509473
1618581273
147901795
-1564833987
186632383
1378075777
-932386393
682008242
2129253081
-1799093110
137828453
-1095378256
1092157708
1173725597
384081190
-604149397
-2059470486
-1075970598
-1509892534
492515864
1240850629
-970419451
-434202653
475093001
982196781
1890483646
1664014560
-55682311
-1307530570
103745525
745025133
-752457559
-1235247746
-1243486565
887792026
741847979
1891877869
1979915933
1844669242
905765757
-1212727746
2063844621
-1690467827
774762968
-1920321474
1846152866
1817863969
415304010
-213211564
622748258
-1130310540
-1599981310
1107054272
2064278429
-1526386210
-1542319638
376546087
-1949685987
302642221
-290946821
840576590
197068698
36981393
888830667
-47998426
1591135603
1096007226
-1900655510
1352045064
684793243
414296127
-2064407185
434701632
603481041
-567828031
-1062097075
1226018255
1866640403
-899001776
2051982826
1456471916
992091988
-339197812
-747985550
-696032564
-1131145364
745703695
710746471
-961158877
-1015480753
610246538
1987623164
1075799017
-617714559
490110510
-1477337949
1450700001
-838321463
1018357580
-2101937948
1403447894
81558308
232365375
840276592
1306332071
111250684
-1789021047
-254263434
-1747428858
1079820441
537289787
940255796
-666199684
-560775721
217512090
1791871184
508966447
1985356313
-542061569
1895204455
-40484377
1344145789
-255759874
33167718
1349141966
-1724287151
-1903345462
-154606823
1804004471
-2066427452
1539933400
426390657
1314441249
1658447072
759048897
-314143639
819378491
72360119
-1366090900
-2138103109
-46810837
-104462628
746194540
-1086171889
315100490
-1814070507
733509286
271698052
-1418844621
1202449230
-156496586
1701336275
1990176573
-1692237105
807208594
-660927328
1215795781
-380511055
1355902448
2066872083
-258608208
-1263277682
-275406107
355094183
-2007536977
1743649911
-409660082
534600001
1779497413
223359786
422075251
-1496044156
-269186170
-622416508
1005323880
-1031669405
2033842080
1461864500
1212537014
-867983881
-1285237729
675663537
-2001452229
27047058
-197159188
1646254189
-1298248626
731336979
-2086089834
-647445174
689456422
-1213393541
47669588
-576746163
343142780
116746944
-444115638
-524855407
2109277549
666759905
-254788341
1653804157
2005736869
-1569748934
1870361950
-1133816007
1289786810
-34382311
-859309755
-1458648483
321380565
1995511440
1491477818
431168491
541018263
-2122849908
1851124411
-1224102785
764491321
-885917402
418789385
2058931652
821389813
-429715656
-683894741
-377586646
-1706965852
-1327005645
1878544185
1767407573
149653416
661872432
57964246
-195483432
698494731
833466180
436264701
1871649442
515590632
817192471
606189313
1490672312
567866633
-1402809417
-1776139570
1709971108
1470815185
1836198825
-238608268
1566037292
-1572609188
15690561
-509550106
-1483733305
-1988303900
-50378445
977796862
1150167372
-1518398362
766794345
-1026071613
1652683500
-870904700
-347490282
260775662
1574713442
807108780
1863938826
1136456875
-1973058968
-1455350662
-885626808
64018844
-1960573332
476520283
-956937515
1212127778
-354683261
-16867470
-97388846
-1324469794
70278302
-571959618
248472013
-1058760843
1981412603
-1220206981
-1517700013
1625227411
1926020061
-1989116727
1562482889
-698293710
863773310
1309730955
1667771259
182530332
-34005180
1759651729
-1825179659
-1894013266
556043571
2098883321
-762413167
126553566
2112065187
1679166930
1580713297
-607331202
-219486414
1252923905
1025882862
-976315199
-577666821
-1837648024
-746132688
-1398150402
-668364537
661186884
-1405028992
-1977873484
-1570566397
1531002326
360754875
-1395499571
1496413235
-1126476731
854260552
-1114297050
-1395001946
-1535746878
456701548
-2047956657
-328290901
-1923811603
2027502300
-1669069681
-1991350141
-1291775370
-891527021
439549738
445122647
-1956989433
-1239546906
593912549
310097004
-2003709855
330983892
-147311927
-402438252
1569290181
1651774882
-232746201
-1156664857
-1104856172
-1708596313
1616686556
-1036500557
434596921
-738362012
2099844822
-1902114896
340884806
-725386537
-1281395498
1553779320
-505027107
-359676656
1287615095
-574341835
884810577
800853508
-1742259346
-1028428389
-292175348
-1377341024
981469714
-1810129639
1784778930
-399010783
1508346142
1646721354
1255170438
1985794466
-1780019786
1787553713
1752890892
-688827658
303426983
-136521563
-1353240336
-789308489
-661359117
-2096245366
-1840772570
1319003551
-1067367029
436747841
-1288978095
-790438634
459477086
2126014945
-1745167767
-2016701685
1159532178
-1870127450
-928878441
-370886650
-844850160
-906750679
-1484928157
-785419138
1087556678
-870712623
1307681296
-1074171289
1209333287
-1375754359
-504516282
-525669361
971734134
-1809089869
1312786161
-1838787542
-1252633020
-1305406629
1089185897
779217707
224598967
1918162863
1852864211
152360404
1913166604
-90439761
-1725401658
957778192
-1682425378
2043025184
-415770576
883465984
1993189031
-1660409147
-238323845
-294622893
-678846841
-936307503
1546492139
-2098801446
-1764963516
1482792087
-90757815
983200346
-678167150
-2063966845
-706070843
1112062116
1569146771
-1240684211
82649368
-343878685
1375845280
851106154
594237417
282302004
521130825
1606927302
-2045520015
-1397138052
-213990758
-564377936
1833104225
999293556
1576483744
1610948630
-748703742
-593484536
1455580715
375030769
-749532770
-1522898463
41947092
367404546
2065813022
1626504512
75585601
-1678529858
-2078806796
1141305101
-18129497
-515722362
1467900218
1851931695
-1174819440
1867577882
-624748005
-1483564770
-454001187
-295293105
982287729
1809535413
1913319950
787648768
-1213685585
1096536652
-1598951231
342649666
-580799487
-1217024506
319573368
-1041762085
1958812593
1532769894
96553631
1818777331
-1913994292
407730216
1725085644
-341868533
-1908262395
-1046630066
453259336
582910511
-239830568
364614776
77151693
-1219074969
1435490034
618982776
445408145
123563890
369469903
1101560614
553473411
-1603023434
-888692059
634065520
-357244973
-1933724047
-269687168
-1057792332
-863944008
-61302731
157899438
-924789935
1846937197
953415314
1629733468
36151931
88509307
1903030036
-2082631040
-843788978
1747114814
106862959
-789995526
-1610964699
619871393
914142968
-1243804683
64435756
-595504853
-667327145
1782059667
-498351308
-1611743681
1821886587
-897933367
1110760134
-1083201889
-341778483
452120198
765519226
-1082656719
623049384
785495578
375614856
-2050436602
697270279
-2114639402
-161935457
-64190825
-1933509249
-107262225
-1699142411
-1552286127
1386131824
337587367
2047834783
-485671341
1127351415
-1876190546
592030242
1333466997
1142269478
-490458684
-1763121335
-81641076
527253751
-145087837
-1692248264
-191076629
1046908
-1742924004
-1782233919
-164240339
2122263771
-854163072
2086651381
-1900330958
-1243209094
1889533505
-1584421122
-1822973850
-1024023307
-39081001
1190571564
-735068855
-1019103656
845126887
-215577267
-31909078
-638921846
-437008222
994710592
1938131765
-1987609849
1708399979
1855355084
565655728
1910762193
-1174496836
-420952147
-573454719
-25081432
1571786570
-1952394512
1537294579
254848888
-1242794906
-1022611072
238544825
309444882
-308287579
-389471233
890246194
1349702430
-721434173
-1112378662
2138030062
1627113552
169906628
-714958441
1335848816
-2056511782
-1993916581
124638064
140412213
629661985
-306344049
1951915301
2098938101
827747763
864180124
-381452274
-1458245848
387009143
-899012073
-693683601
250809547
827356965
-324883884
-1221355249
1774478179
-1568345352
2144154123
-1848830453
-972725951
111765922
-2121552583
759468263
1300050440
-165921920
1235537987
-476662811
1874156396
873813263
1756564577
-1507075430
46654012
1935509917
-610015687
1779912125
696007585
-1273731773
-662465846
-1544689598
1818988199
1756146194
-362086773
-742819418
2020149757
1310125195
388276947
336558476
1425232376
1721041748
-1283535493
-1331240823
-566211875
-148357591
-1853342015
-1842202053
-1614494881
540514320
-1336000145
-1140833120
1512948582
2049595600
1174511931
-1388924764
316244753
-1987651165
1125786481
-2002790405
1329221118
1525440810
-1796839985
-599950287
1684920008
-784708960
-720353361
2053104382
-1627930927
1185279058
-1745075861
1646388190
-1875487168
-408686258
-1834201604
1512028897
1662310477
1805720154
-1212855580
-683166529
-1745967173
2127665704
-1454378418
-1610545105
-1798615130
-1055031097
1400689522
1926656120
-1152168834
-744232357
-1362825922
-996713145
492429651
-1615469296
-124334286
1975241667
-472351406
449135179
-1545968501
-2029773601
1056732559
164808482
-783037021
1259306222
2024806148
531263502
-703599721
456700028
34886873
-1426867233
-1399094742
179460698
267425509
2131177967
-1099951128
-1596387590
1450339444
-472279142
1007672462
205703421
2045716298
-379549459
-570651224
410555146
-453664024
819685532
-313872004
566262497
1948171277
94821177
-2108827610
1244340655
569326719
-688897629
284685060
-495354461
-385466614
-553523525
1330152019
-1247502144
218058697
188208222
-657557222
672831733
52415651
1144554382
1695152966
-1319060118
794511896
-1207182350
329865750
-2130903780
-2135752643
576599680
-76614983
1401750187
-709852156
-1713088648
1967379252
-469024398
-1493413695
-1347382381
1456818569
-1666236456
924116457
-1382509444
-1520844523
1675080421
-348947172
785281151
201036345
-1589493992
918002788
-792262273
1211017276
-138546570
-398260033
766699309
-1558175376
482528230
-1304175398
74317943
-1329771118
-1289100356
-2143107041
1730029629
-859722122
-303625838
-618153487
-117501622
-216932637
-329389218
419921206
-665444991
-2069658693
2029656513
-315553771
1786211414
-1685017761
-447578723
-1151761408
812178560
-1309196463
-761916695
-1322102284
1514599660
1714121754
-2104951609
2091159295
2036001012
231613293
-499759402
-1633559293
1678781392
-288940916
2095835077
53638072
-1091877044
1530132202
1633409320
459587062
1099622843
2052350737
1159092366
625149748
-2116591829
1184200133
-1187076654
1295514955
286517721
-1503884951
2140983985
-1684862336
-104288793
-1806413406
1178892189
745130944
431170636
50660665
-1691262512
-2145114323
-2091497205
-1599421883
1975029411
198493913
-1767704409
1506513033
-2101540833
-631768112
449065173
-1790925286
-2021820716
-1773187748
-1952307085
-1451437499
-691503895
-911198077
1869247160
588526255
2058563188
1442898900
-1030053459
-1373137220
1791900427
-121255070
-286385188
26752308
-779379557
911190289
-630777530
571381796
-61874313
-498524912
582351769
-299244798
1707562932
358079141
-1111394910
-1025845484
986240947
438132015
-582666752
1765816849
2090122238
1713334633
-257685222
-1936686329
1087922264
1021370091
6661714
-118034048
-1513401842
418881014
-509109126
-1979157792
-1875061869
1618249072
407638406
1255602705
-1212316341
2076101933
-735557245
284175713
2071611302
-531349393
-1558173497
687771306
1713023601
-2014045008
121316714
1033011634
-1454998168
684890270
-1617798156
-653601579
-2019863025
550459238
1958656855
149598177
118759105
-1266070475
-395740129
627379520
460456713
399430139
-485468441
1640243548
290934064
-946799759
-164483569
64312382
-2068182762
1785552733
187702955
1206432120
-782401467
-1806572268
-612750146
-2038631867
1063183170
267539776
1147010727
111117806
1372763174
1577038563
-1287562278
-2036712338
-2026518930
-628252517
2105107155
1375631192
-1806833650
-586000857
1149938248
1119356152
121866187
1664215593
1269678494
953158073
1132391626
-1571949523
1362543773
-64316474
-1402416285
-1277244695
2100688486
-1827670798
1993835322
1965810374
-510486621
2046582492
602845840
1749880991
-297767935
-750764722
-573977898
-1296649017
-515661093
967564005
1672307331
1227821648
1430132535
-417801225
-1846149082
-2111089014
-1921246475
6126512
-691569986
-92859190
1529233733
575928190
-1595831479
1290877548
-2019500967
1902300334
1865638810
827703066
-1686560165
77114455
387014255
1203475789
-624218719
1228491126
-376628030
182624019
386616351
163997018
-140401569
48605971
-439332323
-563954110
99242934
-2002731570
1004790825
-1708997564
347389682
-396612825
-424088499
-1816577937
1437256266
-330218460
-474501499
-1641276876
777229718
1168481526
-674090901
-98531583
-2088825564
-1463406794
-1848973260
806514734
379139020
14408817
1774380767
2042055452
-1474332095
-509143834
-935071318
1662590875
-616319063
1604888205
692993736
2095683724
1399691120
5896283
-2076653231
526580423
503615577
1469527492
1252946042
1107764798
1861859541
-1199427967
-821996027
-1628764830
-701887336
-1219694957
665923578
-1438708027
69662568
-221818233
-627539561
783006976
-1350813385
410721274
956297092
-1759305514
1030190964
2027309663
1310073674
1966535065
459739037
-224674817
910029318
-1441480756
-1354039528
-372352191
1049344601
-1505743351
-221514685
1456167979
333852066
-2093132763
324656329
1921797672
-808585105
-1193561967
940868919
-716044789
-921502160
-269202430
603332046
25535571
-1611326419
-327945388
576764058
-844285008
580495289
-759911509
901584067
841341894
-274850905
-1497905957
468339490
-231930832
1814276349
-251384311
-2145177577
-136330298
-264855833
-83693422
-956858727
410388515
1664081390
1039004971
-1002168179
627368289
-1059206551
-100436152
1844914267
-2005221850
-1155173837
-1443706174
639717311
1219814372
1772345758
1050498995
2090864604
-608327845
1961010086
-74387292
-1714903402
-118019742
-1808627351
189720298
-1053975264
653171687
1869698262
-1245347508
991798227
-1622125772
-668446043
-1315456791
1041487681
-1741346957
-489984122
-1675009960
1144963722
-131732876
816870556
-349955824
1170518765
-323357268
-388425940
-158614774
465645730
109188224
-1742614639
1119818405
1935716582
541150915
-736973965
1345067208
557634902
-141994115
-709980360
-1454569139
-731067264
-2115460114
-697263431
284556189
1944233910
-2144047406
1080993081
-649010793
1088928294
-380032027
1720910994
-111144779
-334015193
-1816121431
-1706093648
968735089
1884845525
536973158
-464835517
1003548901
-431212577
-310018703
749733808
-2028523343
-743431778
