-1818946387
-12137460
-1947448014
1396634375
-1044243112
247575919
-1818221568
-2096830031
1084964370
-323156372
380273175
1532728690
1603569490
1305902927
2105826162
-756721822
-865639854
-1987419199
-318272152
-907935353
952267982
424250681
-765922804
-2106265497
2000518411
1371123890
-606747178
-767907362
1212181018
818400158
1304380290
-879160014
-1912785827
155184154
396991032
-1336762268
168835658
-803420062
2019664364
513140424
-2059197074
-1141581434
-1689325049
1263054039
-13984843
-1693323939
-1836171706
-1998174908
1880572136
-870620230
-1369825822
1865855820
-1202271114
-1626699043
588685553
1722097234
-2075510922
1134808876
-2051647476
-1487836502
1906460396
1999024675
410366512
-2124280908
1600386634
932297863
-1974217495
-287808723
208307770
-1359552543
1753109164
-2139405887
-2026556518
-802161878
1951884164
76569827
1110104776
923432642
-1592491023
945212897
828246814
1945906087
325950988
700575282
1048596160
501418466
-357359377
-149609198
-1252283756
-1502334396
1327737427
2062973520
1796577937
-954828974
-1816123783
1721172582
753864253
1731164541
-1536718258
-571639862
476653936
-1985359210
1509002185
-51341949
-1360081571
1089340544
663878808
-1249638658
-90231342
-168878298
1296345850
1034158369
1087764158
-1014541905
-593761042
696834208
1976681972
40884976
1447704973
1060972944
329383214
-689763038
157381812
-709467079
1368469587
112089300
533254373
36229935
-523127812
811963170
1338222
541945507
1468403764
-1178080473
1643644619
652284150
1150770047
930759343
-1035958456
1309270158
-1922579939
1648483889
1406539242
2059993837
-1030767217
-786063365
-956101233
-1502876417
-558317478
59458223
1431967316
-1538136910
-1164944886
-574011667
559420214
-1601206324
117118841
-1661106095
-1148926469
-264016904
-211901615
-1350324832
1033850194
504114209
-1387337010
2103830589
93446457
-482248958
-1990047032
1658173153
1874489758
781644541
246221040
1164025738
-1463022775
-1142355156
-5989031
-830991180
-1788401928
-1268713034
1211076666
1914108358
247809739
-2095144093
-374411279
-1299547441
582387170
-2039736207
1327145803
823470961
1475739204
-1587032409
622468098
-360275683
147073282
1531963563
-392745594
-849019776
-217801573
829038224
-505345024
-1465838020
151965090
-601285709
2136061843
1024738011
523744670
1894344134
-926394396
746709504
840205360
-1129504467
-1989194788
902180062
-19612037
-1025554808
1735193004
-92342290
1947496639
-1701044848
1300917009
-1240310820
-194161081
-1366945498
-1446256167
1405254081
1998068613
-1274335063
967446693
549244567
-1537401222
678490759
-1856695313
-1828271639
497439067
960564246
-1419458738
-569336886
435823473
1007383204
-1982123272
483552775
1774294080
471783884
-56504952
-152601441
1043977451
-585481461
-1259170302
-983711373
-871097386
-1001426286
-458601965
1143482169
63737485
1108827485
1150368924
-376670282
1064003044
-55122813
-1048801167
-1664779988
1794224222
-1451003440
-2046698659
-73076976
-186296622
-1008973424
697529705
-477597184
-981055669
-712596051
-1904478115
-273722637
-1083119056
1715990012
982758279
-181469775
1913669028
-629497389
-1829562438
-962163066
-544967889
1863304926
1972461465
1051299634
-1698149475
372764978
-722536427
1927614243
1244359974
-2012464990
-1646301901
847350501
1675886542
1195421521
-1233199342
1937200857
147708942
1483681160
-73710804
-340623068
1520629684
-1004370230
-140904996
-817996054
-648856313
-843613148
-1754898401
192952508
-455069650
-995491896
1467921822
-1945384370
-930937135
3841500
-2130702613
1192462701
-416672256
-2017386865
-723295221
1495394351
449100372
297710958
-156161228
686294635
-710730157
-502050316
-1878417449
-406747541
2040627992
-102832793
1337718239
1096055008
-366153933
1792061921
-502858437
1471124501
111765453
825489068
-532547174
1622682215
1218451472
220892627
-1798000011
819762164
-1499591995
-1854189835
-1454244014
2098659219
1880250942
1046694748
1207456837
-1634214141
-1845167499
-1909049523
-1945103686
-1808899482
1986888053
2039190689
-170417550
66631407
-92040712
511406740
-483813685
843906266
836291665
-347679012
1040802883
-1939396452
1587964300
1307911165
-637048258
1165443932
-1581849389
1764823259
-1858775801
242138785
-134850798
1883571600
-1787814892
-1952264373
-1623562018
-373296769
-1688919923
1917125575
-1988297070
1598615209
1166815247
974293374
466813627
-1296480705
1365798828
-793913971
-1222970699
33139319
-2055310538
1931322555
-101379691
1570290082
-672267075
-1440250201
-128883383
-1763828098
16932949
-1091868607
-620895746
-1568742968
263448604
-376909445
727803841
-498286315
885167226
49138239
322336360
-1820090654
-154098518
-528835933
-941442125
1844797417
1113150329
1663359578
1396105133
-1819948618
869766222
259490669
-1305201832
2087532152
1026366569
259324971
2083267976
-590204388
295320687
1446726750
-1150836209
817321111
161173029
1050276287
-2101166310
-583275133
-368526724
483133354
-343188262
-1358736147
-467477555
2139141653
985111398
109049196
2130919524
545725374
-831304993
-1457757322
-360640190
420620195
1666300372
-217180690
137273630
-740551241
493061608
-566062080
-1930270803
1740145362
1397117618
-393139151
-853676765
-1432400920
1245612772
-1821865807
-1576441352
120171645
818515886
-758074125
-77390097
1075728472
-1558644124
-300980097
-204625581
507530358
-1194470307
-893015290
140040067
-10472639
-11212514
1765483958
-2129346127
1374533634
917739192
519878096
1454844646
-650406509
698794094
1362695286
1514630728
-1148277672
1944831898
-1684035639
138771615
-1624470674
-2069516592
1345507635
-184242667
-1104357083
357485379
-2118103808
-600085443
-854307156
-1177966489
-1698203853
240449622
-1116259574
304742872
918456727
-1155345969
-414400171
-1661405319
958736147
-1218477810
-2005187043
-1354375200
904120386
424462956
364494888
-788046607
1046273347
-187462268
-1050091420
-1369008440
932034765
-1456745299
1338131737
600359132
2095749253
1836570820
-1427428259
822693216
-763208045
-282788562
1079728589
177828588
1823199346
9570332
-1965022343
593487964
357003015
682236689
76470816
578681592
-2084684811
-1055379552
1098449052
-489856299
-1231618001
-1599136646
170395295
423393658
956360654
-1092720984
-888309089
962901701
-2058647773
-70491372
-1620056306
-284059633
1144102160
993160269
573296334
-1238608498
-1319295341
1050685578
941849828
316869115
1960875939
1654086639
1588566891
-534237068
1623870783
1363223311
118343114
1964088483
-1498116925
1771270577
-35026391
-1066643170
-997874564
-1965833769
1324322336
1330436112
-289865345
-155066629
-148780367
-977665511
-1966911818
1620384155
-1197534344
168439667
447803707
412790520
-1627431648
308905813
490698216
-1410569959
260667161
1518453147
10994734
-1583170794
1671310471
-610113882
-1822938587
458612114
16777341
1850911104
-365259291
-1443516536
442366314
-1625014204
-1592487917
1245208395
-570740781
-1137647940
-1672229954
559685575
-273411006
-1692256437
359882603
-1409782260
-365059970
-616651251
424868718
-782259443
143255547
569567804
-1415925381
-287699548
1996536723
-1795976747
1088102780
-351325992
-1947052938
429325179
197336996
-1148992926
-493536673
1068700314
-574543933
1080366445
457169160
894970318
-638045733
-1103848034
-1717471008
1383372678
-2016101388
-1786669485
-1245344006
1040382180
-1710744276
-1224779218
1642567751
203374311
-58886639
170602196
-1530072057
192735692
20763186
-425948943
-1984073348
-75819344
912674547
2017922175
1401586913
-1464253574
129522593
-1918513848
312498073
786033911
-1716427066
-935619671
-434427989
2035182405
-1399944003
1548495255
-1869698450
-723931019
-9561208
-1469123609
-103520640
506318188
-386531360
-1596236855
1125202172
568484105
1212903309
-917255019
946960875
1161844108
-1070963464
-1147385398
-534875142
1614909493
1673576445
-1145708206
1323770733
-2048297173
-1294327802
-555188726
-1539215276
721777055
1713818453
-751247742
1743280123
-357382607
507066272
1786819584
2125380006
-168199278
1568344034
-80007733
-2124039555
-828235926
940807023
1098413221
-1691290427
795252603
298273353
1083103896
-745413040
1123836165
1786284722
1380500213
521622070
2054742636
-1016611838
-289765735
120883653
1215738648
-891698502
685496434
-1450192715
-1150485092
1185489368
-2085327295
676745376
-988258279
1236753772
-895225439
186077104
-253301020
-1854311829
1766423879
428842649
1179598182
20150210
1292839562
-1293323830
538218819
-316359506
1470264101
-880535074
1291363262
-1171851190
-1897239748
-2070261928
-344091300
-2091360663
-2137450596
-1554709104
392230854
1485942181
1032152135
591657191
-962391565
-353989961
667909934
1242852417
-1686388090
1635761417
-693527744
1123142068
449881204
-1375461239
398155683
-1769792900
-1445570071
901669056
-1464432832
1010010674
465641836
-2131046110
2014803077
1638099261
465216
-302385497
-361448091
-251501944
2096682253
92903066
-429067357
-571811723
1738222016
-31498576
-462279344
224501008
-1292414033
-2073200037
1437012370
2015132040
-591078657
-417683104
-839291482
-781895462
-308094391
-70472793
635606567
1612065230
508332923
1196234321
1878399119
-578270169
-2087764228
1048438287
434864382
-1759863531
-158981869
-1957403983
-665307078
-310561042
402813321
-1520031747
1276820983
-933087203
55382412
1509779394
1757987671
149005658
1608027093
23509292
142993843
1073527579
-1052181747
-1753478824
1405168027
1954570825
195654252
295010602
2125669915
189643831
620547235
-2059242402
727183424
-1710556721
131204348
-1095127587
-1857880358
-1381109235
442662590
353480017
2102681218
796208049
-180166955
-1035556357
-1505600034
-621064656
-636134478
-14848317
-1738851805
576466411
2016847728
743400336
1058443227
1495394210
558684215
-1940039719
2118554599
790871851
-1137577243
1898701436
1261787335
-2132298402
2751466
1332046542
-1208310759
-1766651565
1458483827
1154166514
-1659168673
-712697649
538532298
929028974
927577861
419124218
-2045430532
-1897166853
-1523515743
-774621098
441161915
-2113786468
-1279710852
900892396
-1645955194
817031665
-1701490608
1495345607
-1266250746
311927756
-147229357
-1209303898
1630373307
694281476
-2047362188
820309228
-1596924969
-1652884087
1612926435
-1133108005
-448877975
-451230792
922467287
-2013972991
-1430635074
-392591887
1980484747
-1238272271
-1767297020
636944741
148049800
-688715722
323108143
450458164
-817779414
1857631364
-302321377
82120886
2130852700
1426202673
983536642
-1250062312
-1392141659
-1525056541
1708325111
-49778133
796991336
-753717623
-1653992717
1541424248
-1529902233
-1217254770
1307669480
-778691945
598317960
256565836
-1729553885
-14689856
1697852892
-1212936258
690302965
1667705250
-710523940
2035270522
1619566997
1553342067
624256245
1726082781
1580772676
951840840
877864261
-276243065
213307826
-13282395
-1792748377
-713076215
641777312
-1897314472
-1547527699
882325981
-1314116666
488926082
944209515
-753455978
-856770058
1256863221
-992465476
-1147917737
-85966208
-1137403963
-420516416
-368816759
-1983366952
51374105
-357854493
-253860920
-567475594
-2130040767
-657951579
1608884765
1936091389
-1454770931
-2002409899
1417668722
-1746761057
1846720860
-9373665
-1771550654
1344203967
314635763
-1870035895
-1837710705
1196266711
-1599950193
-1448096583
860975385
1371032475
-1229099972
-1411666758
1147834060
829582942
-875293465
1608065791
-1443753095
470545077
-2079000526
2019112935
798545609
-436305831
-905930361
-1439398910
460222061
-793262767
-1718100113
1936792275
-1593689190
1085433936
519118884
-92938793
109271988
1010908507
54059876
217152454
19034185
-2017025874
-1373868665
1100718104
-357338560
-1421075488
1525245908
1834686154
-675478447
-1240680123
965687823
-742135711
-704251720
1623632275
1365502294
-661867986
1065942564
1439637447
2002227244
466271956
-809392139
539854665
-1335966762
968401671
952452519
800159822
-1400014107
1220764310
902643080
-1052176771
1558268180
1373004202
1627381425
1997768148
-967637933
-1885428145
1839193651
1292255693
1035282211
906112564
1436152719
196649660
-630881244
-745513810
-1125431188
-1253225094
-1355931924
1199359234
1842524035
-558511801
-770032103
-2012883741
-1184246051
-738748436
1522666153
-1824709831
-2006783680
-2031604704
-1008709496
1732208419
-2105912602
-12099028
-567593878
-1824105665
1609801072
-1753850159
681702106
685707560
-495741158
746780777
-1425081197
-1607239360
955857198
1495141963
-1415642098
-1140972882
-1998978627
1268085364
-312291236
-39094358
-1027754867
491800930
-862262987
-1466172937
-908019891
1087833155
336162896
1353663409
-1264354033
-2141300401
-310920204
611831880
-1293896458
-1537286543
-865958194
2062799308
132853806
-1774638548
-1382495995
396858986
-827346148
947953340
-557412725
1253720630
-1383717418
730153851
-1499046218
-981606102
-1476339755
-615034746
1596524814
718804334
1186974441
-83537760
-1215501464
244377049
-214353556
-1853883050
307954995
48328887
-1228420166
-174245534
198274065
1223984844
1281503456
711314772
-1113066071
-1012436327
1516703378
-2123380114
-157996357
2079944669
-1591509918
-389957680
1405540212
-1334012066
1382645295
-489099820
-1981625085
1694712552
-1309724197
-1943026757
-1755731861
1374760341
-1803115456
-666471544
-1944145254
189256783
-1865842333
318494764
-663409221
586799763
1708332010
-802067998
246719431
-796297353
-1487517749
-1920459556
-404026782
1974611693
2030347334
112854559
1918685156
-585213111
-1726582508
1726933674
944776629
-1053996288
705919712
1185422557
378674141
2111239858
1241459446
-1732096999
1777951194
-2046389399
939648570
-3003741
1259585716
-1969912541
1825892186
1510673869
745054799
1000633741
-321583033
-483595177
1535916543
883462929
1072967392
-68591854
1961108065
1147091986
-620211984
990218182
-1229487000
-1405445514
-1972223142
-797375915
-2026759242
-1157762204
923125906
-1003994081
1134734380
-462901426
2126484047
718998952
850574532
138108465
1517103742
-487206280
-253842531
1574059035
-483002503
-1048102078
-212701353
-1824196115
775147384
-1381423544
1791007136
1202966114
-1002647737
-28915203
1527672591
-1939467441
266823737
1800396267
-1358354384
2011099948
-18032292
293268951
1174777823
-984552750
1167951853
-717800670
-443714855
-1306451066
643689230
-258944911
-531622769
-961025739
995753654
-1630557296
2126191933
2011939073
-1593282072
-1044045421
1914041659
-685186052
-1812593625
-2042044098
437371283
558834226
1592051240
-1718011994
1000469971
1935438316
-1898827319
1986558743
535539491
1352314675
875711810
-660881352
1751592089
-865382509
1658670489
274546029
1261435083
-365687264
-1206883237
-362348420
1161140389
1016845246
-155589496
1251007090
-1731734659
-1703452772
-2125247794
-1594448441
1930881124
1203336192
-854805254
-1346745664
871449791
-1682797751
-1086430037
-373873132
-980578283
-1473750734
322824520
800241106
-3595991
-561144749
1997466931
602976385
-667930549
505873389
-2143870402
1640950408
1336302314
-277729818
578814301
-227562032
752569454
854589714
401101213
-1900058713
958439492
-205264973
112372309
-57880345
-789360326
-441602493
-140680038
-700910505
-1411626484
-503575952
1579397111
-1258899632
493939517
1148325479
107920989
1256704163
611686955
-1476785067
1536768856
-421586502
582069597
1201974826
-1000963453
-311474692
1629833759
1260078495
523389246
2087554166
-1236859055
-493315974
2041884573
91766711
-134715014
770419984
-234754909
-1415983110
-432174045
540826379
-1202976337
1980748682
263556194
-1887329171
2145411382
2026877282
-896104268
1326848724
1979831474
1356386835
-976664048
148296959
1381756377
1224637162
1257105976
-1275217776
149577490
433174353
-53212335
1152392211
-2097965276
250999925
1938191542
-146340546
-211002320
-474926295
1756571912
1860601722
1980080609
2050159625
1647724937
-2075261278
-1098576159
-1424277022
-1373676886
-534552055
1931208078
1870495313
-1460814367
1603750849
393692141
489739433
1429894336
1533104154
444591838
-33917158
1087537475
-1946791575
91167889
1144785422
531003241
-893092854
188805688
-174923306
-836168699
-211028313
1390717181
1803220613
201321685
-912534855
-2011853258
1037218332
42372563
-324075186
902255319
-380961561
-237660213
1906135053
-1933353432
245443621
1610921005
-493833609
-658761801
1698084590
712471076
-777036945
-1862902641
913626449
2104647910
1454336763
-1493658711
-1649906244
741800781
751907916
682759586
-1411058528
817510567
1965645819
595909550
-1488772523
1458755273
-1611370859
-842618420
-1027955910
-1309036182
-1287561383
-1544673221
505685536
1913109165
366575423
1626578987
2128833768
-553490177
2133304380
2108968888
-946912406
-2063552989
-2143201084
1554155795
-1444446056
1145031562
-614941808
352063745
-1329105438
-979331097
637933473
1180921993
-2117766948
1966803459
-599492477
-1034932759
-300535010
1327439053
1978449622
-1483398967
307594348
-1942527820
1664022794
-1266985549
-1153219819
934465081
910296169
-1193069375
-1936288097
1570811327
494778970
-893067369
-453039964
1656924325
429141475
-142345581
965117942
155604886
-1008550545
-484813501
285350409
525918751
-1189348143
241182231
-127385966
412910465
-786973816
1055903063
-1327396501
1001457864
-1247368380
-661761194
-1835452743
1182637083
1813736104
1893799400
702430544
-1208258218
1209202770
-976463600
-1856461995
1646667733
237163031
-1134711042
36501796
-1414531694
-625785710
-1797231817
-1407050124
2086989682
-2135904544
-269904619
-1300515399
1107952347
1562820260
722210162
1484646857
-1288080247
746907729
-1984111712
280324546
-343410526
-461660249
1257952667
2120793897
2103097351
1448481917
1707874177
658924118
59234028
-777226303
282525249
-692768496
1281380522
-762901315
1266915731
-1302123661
844840147
684362395
1684916519
50895642
-1182281337
-313880021
1891596577
1796475001
-982731003
-77120542
93172163
22389386
911245444
-1058602459
1858760299
-1106838357
273702467
-921793593
1913155520
922109638
1734827231
-133424432
896367912
-1972739150
-1428568605
-2132499584
-1476212356
-238583336
-442665563
107794323
1062891263
189930009
160512591
1605923269
-1300482421
-404195089
501387323
906964376
-1434771956
476657106
2132955012
1042110291
20468274
-251708196
1853759193
-2080092082
-571502750
-1594732881
782090132
39707501
-931914259
-299558250
1828751115
729441769
382000515
-229091606
-676816604
-765878186
135336937
-1747158090
1973860398
-363150368
-1951468822
-506330211
-1359823377
1369436120
1696598410
-1280157957
1110053369
2129005423
-682683263
114935115
-1500597951
-1336281152
-1275731481
91041992
1261869809
-1711251949
-3064789
-897822634
-1559972228
-1881825697
-332132279
703310753
620857075
-2044747248
-1041611973
-574638714
456867735
-909928693
1131342512
1813293234
-591786578
252565230
-1132405509
-1885009272
-1970361446
-142967140
1448856654
-1904543672
-1714515674
-890144264
-1182047961
-981032340
-307079901
785450991
-1682896887
1989581397
1799361587
-1051854148
-1746114961
785700391
1010102500
-899598233
-685659395
-1598714128
914227456
-1863434355
1230515448
-1418502897
1908554786
994489447
-434172168
1174812371
847527820
-1578419708
-292759332
-1036438174
1132198712
-760603687
189414653
677200859
926260268
-1522496645
1533508773
1934957759
251938834
699102890
-792780862
161036684
1848409607
-1616823919
866120662
-1466394454
-367841102
1316860235
-1264351695
-289047157
-1619268199
25064105
1614122338
65769229
-89021009
633678130
379844074
1902049314
1780149040
-630037910
-724138445
-764776782
1769191601
2139834711
1212698048
-1956887361
888411506
176232000
2076988324
2029053898
1347169014
928593591
894056504
2094756469
-1965842475
1877045722
-1506361848
-988597143
30624720
1464569045
-732467699
-1533586311
-525493978
1950364586
-1918907615
734523655
-434428123
-1640945100
1944701103
1720083110
2062975491
145688936
1261598889
625247488
-211090450
-116978466
35595455
-2042287622
1141388129
330413199
673072845
-2083644651
2054959800
2019770080
-1581575020
-1389474537
-355658490
-1860485409
1374786220
-645846551
-1760416730
178311883
968647353
776082627
-1909742577
665665241
-856375076
-1085174651
386400108
-874581963
808477804
2084540520
-1897117332
-995414970
-170903578
365243093
321720534
220524598
741219361
814827156
-552370081
-506215247
50801349
640365097
-963958721
1279101420
-1910297602
-202410630
1256869121
1987215336
-1106168981
-514728523
1777323930
907742967
1222416476
333046640
-986774851
947590271
454868285
1459408657
-86834835
1977006077
-386573748
306921327
-1255646509
-1092547508
1841577874
-409078087
-571136175
-2103639769
-476790257
122163606
-1567302954
1251829996
-1203746761
-1609364338
1062103156
-686221662
-1197037155
1043020711
1622182703
2014599229
-102738450
-1519806381
-366393322
-47099616
267876128
315754889
113966488
-556992286
1892975338
-1796502991
360879119
-1591295404
-1143083146
-1257647676
-1708678239
-1314050365
2056388436
1123443507
1242080072
1869205881
2002573490
585180680
1243772206
-970225782
492592074
1365175755
408151101
-659167284
1223060634
1555993510
-2066553098
86585126
1287496666
-1402763701
-818758782
-129618675
-1372873941
-1872825323
-140037882
744879180
-1443411828
460256109
-1021136325
-1070246909
413211921
-1172484753
-994974403
-205497103
-659170603
-1188180276
22082722
1079670517
-844868048
103170801
-761014835
498322129
2140247589
1421376872
2042372228
1412760625
-261486562
226039166
581716928
-1228492821
-1289372966
1943255078
-984521788
1153022600
1461769382
-455592931
-2068214415
-874851581
-641156918
-326523826
-1373705513
-216877616
-806252474
-703898505
-673991409
730965023
221194686
-761431029
-1997168825
-240874655
-1513659215
-2045424806
1099683613
1530306827
-1635542031
-1013201169
1091843633
-1997900135
-2012626097
1027538232
1824094453
-1008612907
-1463997291
1921589868
-1347055930
100373848
1941055416
1736360
-318744768
1086596433
-1942031794
-1301177765
2057068749
-657771388
-546854339
719277284
1507359871
-1546627691
-972408907
626692473
1039547168
-126473081
931816031
1254245962
-1861048442
2050047102
-737311274
593050085
925880874
-1137750580
-1437034155
53160668
-703397381
1447079978
-1084588366
1674550692
-7037328
-677585595
1603783819
-420893504
809248475
686833532
1951172542
1897019165
651414277
1907957992
2053865502
1338773696
-2142996234
-1059715428
1206535266
-185067106
-1497074669
1569193005
-1354505888
1765367498
1097845102
1498387316
-385097604
2065148373
990066009
1412668562
-888260262
-726588815
-790147524
1080875572
-2096092454
1538385495
-1606219608
-1335740905
1141976901
-1991066774
1655302315
-23774770
120225731
546193436
-1603570587
-1831415870
-803284208
-775012848
-2133935141
387485818
1754497903
-615972095
-1713501685
-2001788899
117876702
-1772035103
252973887
1830707252
388410506
-1831449019
-511888218
-1009747533
1265698437
1925123071
1374984480
-1801125063
724999861
607886604
-129083560
-1235892330
-1886457841
1913506736
1706876183
-612175730
-2069736187
-1329471777
248593367
1779472860
239548476
-1387393313
-413455721
-1566830471
-1770709886
-98426838
-1184444179
1030701597
-1127501825
1926973592
1306767201
-1279450874
-1214554455
-613498179
174143735
-950403081
197138429
266318735
-1727860211
-1664144765
-1737081877
1673217612
2140612711
-2082914934
-1973624047
-824171878
-2049402744
-1118501884
-329779668
-171663121
1385468995
-1818829827
557304011
1086415155
1895071376
-1620776992
1832069957
907814818
-1010650973
1217171447
-442750996
1877550071
1768954938
1771051058
520544130
2140604102
-366919882
1920028198
-107136789
794593577
-1101120403
-1284861096
533813284
201607838
1785408958
1572325308
-2008280973
1375611183
2097873764
-895166344
1611908575
-43288621
968918159
1076885229
-1329892893
944617236
-339327696
-2098611210
1462812510
-95046671
959423764
1587395442
498823628
-850710267
171060276
-17675265
640650171
501448168
146266186
-1898543351
460777591
-1117806380
-2058342489
2105656578
-1565639417
-1833896309
-375444157
-633857550
928822365
1819110520
1522948630
423335474
1930205896
1305131284
-382359643
-326480013
-637612884
-227920245
-1676222497
-1769638395
-1139155851
87376798
-698368471
-1415710122
-707714103
807685835
1606682038
-823687496
-540068868
-1412894806
-1249760996
-868560538
-1728947768
-535448935
-207988956
94145224
1944135741
1919187611
2141782241
2033085429
-1956102410
1634114941
-795136765
1967401338
-432947315
-1934090694
-83612564
697192025
645539408
-578704992
-1505655805
-1293335724
1013807668
-1104463566
1678974920
-1820391830
2098399241
1390116944
270213929
382621346
-77783825
27166613
1880746643
1091721222
1079342088
30415488
770708043
934409202
-1984541842
1963780949
-356936067
-1391560306
-959753113
-1296592571
1676828821
-1451408744
1366618839
273466572
-775563827
-172990362
1071349749
1318354522
-38782202
-1668377301
2047312961
-1804346571
1538392539
599465336
141499573
1308486813
1271026419
-1357771258
1423441722
-1885350608
-969971305
-1134147150
150000221
-1809393521
426808452
1041912776
2096876610
1193623874
601288705
-721583485
537906392
1713717464
80162098
-932489772
974415694
-664326574
-1594361170
658699874
-521105723
1356515009
1490412112
-2128011054
-307570106
-421964754
-521752502
-1243152057
1454740469
-98509127
-2028750977
81576748
831522695
-1141978108
644056848
1755765040
311018480
203067601
1109452087
1065435538
-720649119
-738764567
-218750124
-1478210914
-2070498191
-1546794689
-1990123707
-158688394
367313817
1898790997
-1437235718
1741194517
-2087666714
-295290657
-1440208057
370728849
1233866729
-193613147
-1875408132
1128527776
-238889999
-356268627
1483917106
-725004196
-1443834244
1771422616
673298407
1065172298
-1580971031
-1758033076
-2040143923
-36202344
550912370
-354553133
-1743431074
-1870587483
-129873062
764046210
-1894901965
897650631
-1147461022
1049511005
808515222
1078297927
1267147905
1908682426
-1642489003
-673444176
-388518701
1450502435
-1566505511
-380515767
-1398180144
-2110638976
-75084682
647320543
-1068793663
680097653
-931527421
-828526393
-1718804112
162706441
125711277
-700090334
1558922527
-1383681145
156619528
2054798178
304088506
793873576
1071401318
-1336904947
-1072229809
-1329272847
-1664196756
-1231916095
-1367565891
547333722
-1642886175
-360632457
-867980117
-2099851728
-433084215
526436107
-1629730116
-1637490117
-109943374
164835323
-1532981504
-1901394141
469437261
-845581714
-243028051
-2053793009
-553884609
-1575206024
646235406
1194599310
1175838521
-1871872100
370314170
-392645190
2102672965
143149457
1085052425
-505856870
1589471075
-72494775
1491181764
-278707768
-663737772
454625070
-1550713061
-667870125
194645941
488882094
-61320741
1592306150
1980925262
-1818490119
-1519780384
969537065
-175375445
78693641
-1453058617
1524003943
423676140
-121069086
999336680
1828695920
1057678553
1795635739
729528707
-1363766336
-265104839
611834780
-1704057800
472037344
-97302173
-1425136984
-807898436
-1378138357
-848005099
-2111267043
1679706057
-1301188075
-925177212
-230553094
1255064150
-2085188984
-1573686861
-1656631518
1298480648
-89773040
38181639
77918047
-1183766809
-1602283496
1962118427
1388609193
-944057260
656123828
-748986927
823083687
820420410
-935004223
2099459497
-27249291
-1904826492
-909495478
-815475627
452194471
1344208078
752328749
-515224948
1192969357
-328786338
144658941
1355480350
-823558216
1942947413
-450910422
-758299320
-1006556483
777860129
-1460538273
-632208823
797588536
2145282613
114164267
1736355892
-1920399085
-25750788
1662337250
1656281096
679310599
-1397653238
-1585260859
-1636242179
-190437533
1395883668
1296821344
367029024
1035716620
1777917986
-590488781
1929005857
78940356
882380418
329130644
-1615126677
-44007762
871414783
-2069215533
-1120047499
699633681
-655083309
542375583
-2034704809
-1835402660
725228249
1649955495
-427293280
1350612073
-2113196922
-820604028
1954149734
948646149
1521997594
-642364971
585748637
453264816
313424914
1123648683
-1930951508
-1808778848
-635866656
1702570535
-127535299
1317159180
-1944872995
2112826978
487472468
211282086
1727903102
-1225468788
1484828579
1988179304
-2123491130
-429302185
-62197733
285506707
-1579735045
1881918869
1986737350
-755419148
395893404
2116590623
-206279725
-591046039
-688108143
-1450275335
-783807246
213706915
1440212644
-1417936461
1623927778
-1327769044
529382191
-1232706799
-1623089081
-682719573
1677536791
-1670142994
299062976
-1413667994
-1323566856
-426254500
-479387847
-1684859639
-780528479
-104363248
191859837
1606621605
1714894018
1391516413
-38553330
-2095739142
673696484
-713737410
-2141780680
152983801
-447560552
579208248
1899766371
-1077138301
-590317325
2136329471
-985595991
-866434441
1319532857
287440889
-217158744
-1198410005
650328279
808359360
1952415640
-1228138312
83345558
1879579212
-1880348769
-691737284
1727848717
1241407569
1157848163
1382689882
-126576553
1225557734
-577314335
230684869
-1901093114
1116288359
1430495101
2130712702
-703967145
-951832165
-1191254695
-652611174
1681088934
728019992
-993905943
-357626040
-1595794140
-1968300315
135549638
1524921106
-1666640954
822540897
-1998069821
-199149981
-2031256960
376986724
1395951422
2002206792
2145035955
1486495139
1412537527
-117763206
883711459
465731928
-814886234
1201404060
857861292
982922018
1130966152
324929728
-2020132618
-50348247
-1609335238
28040239
-681557145
1986259077
-991753077
294510953
1104595993
-2007334432
-1420025076
2138153066
1565593228
562670681
-686050519
51080751
1295239390
-1849974613
1527009404
-475966345
1388380729
-2094700914
1296965216
246821326
778585227
-950591907
120554181
1995986374
-227263108
45400312
1105048131
1707548039
-2059601251
-706709013
-1761515152
-1126738806
1875195100
1332608975
1068328822
263609761
-652452032
-1278701840
396983775
-362256326
-834245423
1806395951
-188855886
-77711901
2097512919
-1255733718
-1478825532
1606628368
-1796144057
1982546585
1907312199
971828764
151568250
-600746501
451591590
2126584717
1403653920
-1054453903
318261909
-2005414244
-1028110989
-1268690200
604927843
1064535795
1093189807
92205950
838513298
1430334648
1362518976
-391294946
-1351296855
778975178
780625469
1183503980
-1522464953
1040418633
1154199445
-1351364632
1278414203
358067548
-1391906425
1228479821
-393736877
-1663847635
1294923223
419218490
792732338
1785829688
-1981885634
1469526804
2120950630
426514373
1961426337
1202872105
1694026873
-938777678
-1292638842
1744183577
-1093799737
1559427958
1534991043
-1686932623
1004895441
420528226
789522039
-1523419240
-832740401
-158474200
860327998
-475962130
-792933877
-601468255
315589279
-1008679375
-322830228
928247754
992395977
-1110726365
-388225712
-620338673
1129312127
-2040486807
-1604485473
1282504908
-2021901489
1629149110
-172957412
-133193968
1719408137
1343769128
-2018658050
646871715
822901103
954026737
818644927
1077409609
-1738552023
-1369786310
-1045501133
-842382776
1807521275
-623423421
1033339355
1138063912
1543201849
1270509774
-271105926
-1713498439
-1705986695
406382781
-1561260823
-722514598
-983122550
-657801222
-846876121
1715008887
798378661
576395670
-1139572300
-1375162029
172832994
328307764
972961310
1109810951
279193837
-22623064
1973021403
815273417
2097966585
1026287322
1531788633
1297232753
924477171
-817413904
1217129299
1587297849
1979692795
-77155156
833389158
1765514948
-2054418161
-930477295
1789981924
1862366817
-708670711
-632388020
-1941755930
677975440
461155275
84846034
413388455
-523708732
-1703696201
1610057925
-782555376
-328244886
-107248027
-853044581
861957006
-1121740502
2034438287
-352307711
1969622571
1948106092
1915149648
1343162876
675680476
-856392419
-1932210291
1653640530
1298861847
861995698
-1264530253
1070677031
1070058665
-496419732
-264070750
349690858
582507973
-1364204323
-1086319896
990781809
-62571425
-73527381
-1916390350
-11856542
250732218
-1139655020
600220414
1911872213
667263808
-277003598
2136387733
572898359
819406225
-65704449
1487406904
2115674737
-1936764707
-1974675174
516060825
1861179976
995804022
356499786
-1029074036
-149992442
433412000
2073838275
1242570494
1476888922
971302315
1020588840
1046898725
-405711492
1660261187
998514769
1882201593
91917204
-1512356858
1610463053
-1268694046
-343701668
-50266281
426383274
-1320600142
-1180666877
-1832362127
-794536205
764290772
1644569940
998792639
-88426375
-1121326906
-28778729
1203507306
-1315414698
-243415868
-548032841
854011186
-330600273
564675781
-915064028
364864896
2110477368
1922353066
-1294913798
-1283002436
-1923706628
1778064565
-421289758
-1670000164
-289894306
804839991
634003000
651477309
-2025627302
-950690931
-1712571410
-146429003
910822928
1075688012
-620768849
-740082200
-1179892349
-95430981
-1720499385
2124544731
-120824419
-367299711
-1964475327
385005766
2119496054
-605673313
1039237585
-498100435
-1279025195
-1892056673
854179572
-2074492367
1828892150
874076941
-137007403
1656723235
1186173581
693545766
-1344091790
-997720487
1399368970
-2089180721
-356592001
-656863675
590130463
-837200952
-1498805622
874335170
-1449496961
69625121
-665382305
214703025
1102073063
-99522836
-1889505107
-129025596
-1481231263
1846336563
1539822057
-1782036327
1497231815
-499770836
-1296287118
1159122698
1169786758
-110135381
-720211211
498087619
-6583644
-1385594921
-357738734
132161556
-625882109
-1308615648
1237969471
1831116551
1219154406
1122756976
33380076
112801205
-994384460
1813458080
-286180376
360751061
861780476
1307122221
-1597182973
-919616619
2138959033
-1798216405
100697075
-408855636
-1290016298
831080825
-837748101
1298738863
-752750093
-1524726475
894602953
-1483544668
1823164777
-332401294
812726559
-1591909420
1373688715
923453992
-1971519050
-1770223131
1307418159
1406305643
1663721950
-210174425
783425900
-1681049120
-480963735
2103855150
341924
-1466909589
-438963639
-1709359712
-1816260156
1482997037
-1868376968
-592329137
-743265334
905509805
1748597783
-793227895
59409799
500042324
-1547368486
-983534417
805151654
-1633528546
1971291554
-1343235324
-65790740
-1457758322
2127006571
-1434382650
-1149585472
2030464483
-864290200
-174589054
121986030
1996426632
-324120469
710830500
1891654823
398799056
81669002
-1116708019
-1602363700
1568526818
1039590399
1749652073
-1898127509
-1296281359
2071093328
920775679
-618946935
-302644816
-1550678097
286866634
-555781599
-1449354235
-506136926
-1183421687
-2110241428
-123567108
1222302182
-1917288045
398870627
1139219710
943264657
1459935277
2114753409
-1439130559
2067992182
945745183
1113834445
628887170
1780802508
801883141
-1481911529
-2090629902
-2067286255
-1572086302
-552816511
-1440375443
1095068715
1509170810
-670474943
-651634191
-1134617647
421475040
924946852
2110290765
-474224088
590761293
-344314283
-1535126760
-1242815568
-1540797901
-1262158369
304365796
-1652112287
-795110767
-1490777489
648367796
1769327889
-1555279992
1397820382
105750698
1189612312
-980040914
-368070161
1324788740
-1616562635
306764450
996003540
793536841
871073971
686247264
1472570871
-564300353
-271829561
881843670
1701503734
-1266198497
997089852
-1290432713
-1229390610
-74064757
569803601
385082510
-1367471621
-1645757505
239749089
1331658005
-1864317185
1255801223
-708350012
-439115321
575199139
1155458672
-913951371
-1653434317
1094484635
-1564733246
-450482700
-1885876590
1588031021
1421308076
1756283630
794309915
2100437235
658058177
402303770
-1935779690
-594916642
1776044963
2142766309
-1806364113
-1795679617
-347134979
1685911376
-286465908
-1700978047
-352345162
1846213913
-558547423
444437369
949945698
634994200
222595266
507301346
1783337724
245406444
1472089721
1518506082
1139175634
1764380374
913380249
-7453102
-1207524416
-1018410012
-2109610477
399653501
1683605152
-1358121647
-621981177
1036562982
-749329664
-1684530133
1636469662
1154561103
-618061546
1179410998
-2076777962
1761902904
285754096
1104439056
933023774
198311461
-675668241
-1301355627
-1033159325
1193384292
596643189
1262294916
-1828272790
1390504590
-1402962467
1729899874
-234350688
-107572468
714942123
-2108262242
-1850227538
201138909
379553028
2141712885
1558777106
-767883883
-1812373664
-991717864
-1281719061
249969576
356401021
4033163
-1025728237
-178330648
1654003606
421014735
1961591154
-301868724
95979220
-1670352957
-949318511
-1614747406
1676898565
-1343739066
763736173
872014950
-1445536373
-181190111
463821965
1731597348
-146058858
-1533623772
1604290902
-1139814821
1165433237
-1099472242
2082562206
353646067
1294611945
1810302129
-1246602370
1666409937
1003478747
1123490518
-999626388
-911111079
1902105552
261101917
1820718216
623885108
1924721083
1257002536
1788204853
-259297454
74550482
-2066286022
-879061269
-771746510
1237461379
-2135561830
-1363118006
753274209
1157148841
-1485847171
-1687469965
-224463553
572762875
212692131
-1415333997
-822659064
-325677116
-1542939135
1044529344
404827154
1271943896
1202692511
1049271047
-1846656941
1869110726
-400548925
765075397
-886112730
-1422563254
303656527
1850413621
1533731662
1613030405
-16167833
591713354
-1968351174
-1838092433
-1824824234
-1843784513
1966425738
374211596
507462577
584272491
-844557358
403231709
-477767235
-95088423
1112081564
924846617
-2056635379
-319342056
-927577165
-1402150116
1777308015
1184541134
-1065006690
1831391135
1085818633
601443731
-885669782
-825387223
-2091322434
-439564677
1083441069
1840295365
1315671509
-1935829004
1697795270
-1995329291
1626199772
1976954835
-1646654615
1717518310
-1564466742
1737513896
717777498
-906714396
-389556381
-632553639
-394094472
281409040
126573792
-843767570
-699808260
-879244465
-900513586
-364241495
-470321661
-189106299
1597428278
1605508185
-1097931703
1947238146
-432503299
-2028203793
-195525834
-710224580
1694027406
1464984913
321443358
79487934
-1614001739
-963323026
365177797
-497709984
-1637062450
974486673
342162720
2087295672
-1404569826
-1658148358
1082324066
26171600
-722787712
9478826
-1990926282
-946717928
2051861059
489820798
761796424
-2113874018
390731858
-2088075649
172757001
960928892
1517562005
-237854088
-973524813
-2046428784
-153304425
1696371655
1384520587
-830541454
669821289
898547064
-1406207131
-1072085598
1826571717
2034895247
-1343843219
1827189249
1315581557
628673444
769727779
2004151170
-1750445323
-423018315
-737860697
-1518971359
-1327059881
2070919223
-1473313994
1473488403
1230149734
-705054098
-1107841548
-2110005186
586695438
1794949118
-680014101
1115385323
865452539
-1992274239
814516307
-1906165831
-591542657
1437372377
-793554413
838597588
1463224760
658748169
753319047
-1774496921
-1885088015
1291694912
1765677956
1162550094
1059936328
1422086262
900619672
-1799277552
-2004579951
1631474363
-1570073706
841534732
2051339642
-117282163
-1287197616
-485904655
-1713135377
-1913437591
1181296806
-1309329037
-1206466369
755078564
-1380070465
91818043
1598641535
-844996486
1146719126
-144542946
-394843730
1660976487
895665592
1639800209
-922898918
-2145762379
-2120811445
-559150756
-1094827903
1224866646
1060937554
-1076043634
-978950022
-678348301
-963533266
1430153904
76281493
-968065724
1858846055
-1209999043
1300853185
1916114594
633801900
1761089360
971601646
-1189037095
1120721176
350726303
158723827
-1626779325
-1146386506
-1972460632
451559088
-954154735
1592640583
-978902231
1301665143
237171691
-292106174
-790525228
-986792537
-1474216260
950418971
699030339
648680346
-710026810
1711643848
2042941737
1642759872
-799066884
1101453184
1775485898
-965523189
-968639088
-926790203
1896707756
1800409230
1146349769
-963647580
300831374
-1303834784
41523226
-238638533
1789507993
-561773114
-1381946768
484610171
1347906261
-1256074608
-1363554613
-1276597201
-120641314
-310762045
2110778384
1734202173
403412950
-1131595400
1472573980
1956928810
369657501
241022211
148580380
741979363
-526379201
1986207318
1601719323
-560676167
-852657490
-1738048089
113317852
888304301
-420269136
-1154934959
1487175401
-1402086675
78517530
2017681399
-661341717
-1282029922
-1600295106
-1888448785
-1138199748
361343196
-170123103
-395873572
1120512186
1975794686
-1955758607
-860918628
-896510242
-1252372194
-2078522059
-2080459675
196362508
30970839
-1585901498
1347767594
-1092457684
-548190640
2066283133
2101955139
309860472
-689489543
-2121503315
-434156724
-1334942825
823887252
-1227797933
982798924
-2178069
-1400387849
-889004277
15489049
-1564863450
-585440497
1507681094
522928891
-1479479773
2073729448
1129441594
-1147919473
1273327603
-1749784982
-2063402215
-807085074
-1888764363
1300002470
449927045
-1987930866
186636201
1237301074
1913880898
-718428569
-789803513
1264205650
227153453
1964626905
1644738573
-1424778759
1926111596
380765644
-1007882026
1268168142
739630310
-937631847
85293170
-1338803310
369071605
1326045224
1705576882
661934465
-807818918
-2136688423
1079425347
1181880024
-1596339599
1074243239
2051682813
2004165527
-1658517083
56760715
-13180291
840628360
497896997
579692061
-982519824
-249377921
2097166039
304987521
1057751601
41257954
2087622284
-2029467776
-2056176362
-2060420245
666042229
740899573
362216199
-139290836
-1531899434
-1644619670
-1844437809
-1993798445
810451449
586312449
-1110834506
1729577007
-469628572
-1440697448
479822543
-1407507214
-2134657203
-559193560
1315991693
-1577652040
-691186611
809763181
346786204
838166856
-581907116
14219468
-678306834
-1538370792
-986326563
1385695344
-1575225069
-175848426
1431261538
1415177141
-1532327219
-669950299
1888216081
-1472033335
-105308957
-45696795
2125277886
-1091019632
1259548725
176059447
2034975259
-879901240
266267408
58837247
-124099289
-1218946451
-47056189
1225296556
-657769756
-877554593
1360689778
777381876
-113915060
407132737
1414460201
-1146459292
1695174533
-1454088797
-1772762829
1488388119
-1723707053
-2003126430
1680190124
-1162543419
-130036275
119891534
-12201131
-1182562561
674189139
-1789029362
1955477927
1315612856
-1591921985
1110623296
991230250
1781080583
301829081
161960420
785878534
-17189590
870931728
937221882
209958362
1250515661
-942991769
109419112
1705839052
1537725580
-1344303187
428441633
-2080791072
68182966
-1425018384
-620955772
-543067763
-398415788
796673075
-797412351
2134957453
2049961065
852856670
-1565066238
-1246156044
806969210
-2052993675
-1638155769
2078642052
-894433712
1634932749
1075641363
-393360577
-1774492932
1019136506
-644528826
-1368128708
478681370
681085005
1558271435
-941296194
445125210
1751148157
-566473485
-1643193470
-533600452
-2001561117
-1170650718
-1445688745
-1276669926
-1663405973
-1890833175
957852916
-794254741
267484808
1078551284
936256517
265592389
1810839656
228513318
1961092230
-125431773
-595826071
-360288126
1227614036
2144832232
-123648822
-1667969204
263716353
988790307
1822158501
-452129553
-602365721
-1648218988
-1885809636
109888801
-108852609
1682327279
1457857491
-315508924
1055732723
-1212223777
-1262014563
898411279
1024755441
-1832343987
2075108473
1305181037
-446867263
1703210721
-1036923457
515795877
13009561
-610427448
1616926614
-1644483910
-1240618192
-1069340744
118441128
-1851643628
1523979664
1828006193
743639833
-1083104161
-697497296
-1760252156
1369443508
-166195790
1122248513
305398552
778886759
2004069876
468402504
-1576009365
-244509967
-2036093829
-547846932
-346343081
-375292711
1680333813
1390874896
641949462
-1965679711
512422283
-895399900
1562235272
1710565435
-35714493
2095936440
-1255131085
-2011564868
1169334949
-1316450990
-1151959670
-356150449
-898964319
19153024
-1298683535
-1891469205
-1101369425
-652576209
-204513280
1449364552
-424018120
-1963321026
329910407
664690574
2065339188
-1344957362
-1953636143
-28870833
-1858142445
-59397925
1525383341
-1531780041
-1916468512
-1960876144
-1793814103
1651153154
1843679908
1790849494
744472352
2144285741
1376530440
389512365
-498261385
93270256
-762414531
-1799918401
-171003997
-2069122198
-787392480
-853368910
-1727240723
1803641886
-1989222248
-1530218819
255084793
-1732309347
490497346
-146246019
2103600644
-1785006203
480854864
1480036361
1739417964
1882398121
805265070
1790797635
-1188525963
1427364497
-317871259
-679122319
1265877833
916690468
-1519949500
544395019
-1535130816
1911128483
199816636
-1527724074
263903586
219188697
-1952622581
1187481649
389079337
-194572144
237890461
116238510
2038434698
1101974855
1589103790
959627492
388027958
-694659807
-713495757
1041844866
-2069908708
1367339551
864086010
151200167
1279992882
36802961
-1716510704
-1489684879
-926855307
383541705
101812834
-412335148
2129940270
-961145070
1413630886
-1559912532
434946677
56167392
459547771
-832800748
-1996070406
-488132536
205921742
-1087565320
718970115
-424477518
1732319104
987028712
-1882619216
-741811252
1761353029
610234415
-414090362
-1884635199
-232348209
-1463958236
258643754
1522259626
1584734250
-1081720129
-182291860
-2030464444
1292792681
-982421906
1040316807
327710435
-1101048702
-189770199
1251379878
1070228902
993171062
-76085309
-1878246230
-2108500500
-180627276
-337204861
291458602
1549840902
-600557633
254281715
-1266220869
952945453
1115612174
-1321161481
492594288
282532022
-884620494
20567072
857986980
-1859373436
1214021438
1926352962
382222070
1092605629
-633690014
1365620291
-213698156
78650047
-431764263
541745462
396219836
-1297021099
1235135237
145302439
1453951360
1388218405
-280305193
-1855604168
-464948279
-1920551315
-1590246540
-1478995092
1059072413
-2065344786
1947020821
562020546
402035620
1935983399
-1769107666
880616709
1249157096
1531425222
96367826
1609282530
-1794323493
-1484615077
-1049800363
591156922
-863516002
-733843378
-1904978638
233196217
1252903808
470454547
946438959
-868545497
-1822481212
1364279707
417882814
607986430
-398039386
-1105754355
-1847987034
1799267515
1298799264
1384031925
674549218
67469177
1753527017
68794684
803830985
1786831418
2121100861
-521618150
239967342
1190942344
1967469539
-1781670841
815413833
-596484292
1271311340
-2010851016
104362518
-580276067
-2042030152
-533735671
-723426307
-1780132436
217689790
764145910
-1253775118
1218533053
1153926027
-1961667313
-1271092898
1331344713
2042246410
733599276
482834942
-897920766
774631430
290203933
-1671224565
-1855223256
-2099018515
-674676442
-199690853
1398453531
-1466722857
797999018
-1896623289
-175590608
1611669701
-48846043
-656634868
-777567033
-1143215571
2038358367
-381438346
1904928924
532908982
-342624034
-1043438086
1187142749
1783900991
661783963
1689084836
-104000899
341319205
1811346681
-1499673359
-1360875192
878968005
453801202
1208237309
-1026887882
-870127041
1280088723
1569580001
1516658819
-1430711171
732298153
-720555946
-797046274
-545279885
1052454844
1173614493
-797389535
315487911
117763132
-1222703197
1324548449
-1011424268
1937584122
1957834591
-1272590649
165397130
1443705305
-95663745
1691426240
-34619592
-1369504059
-1101773502
1848913968
-1031205139
1615803106
-591877721
-842123316
-2053085061
-1756784120
679096007
-1889436248
-236464482
480281455
-1644426881
-1874268401
-500292035
-1398561626
43699537
-136764526
-1064012561
2015913930
1253378187
-1904005021
-1817205824
-1919688461
610205353
-771695389
487043635
-1601558799
1689068791
-1992881032
-1560066677
1231946551
-1776859782
1475637668
-1670520762
1226255639
842034192
1719656019
-911503895
13927471
906887638
743097715
-1349187837
909311523
1903868617
894550473
2116260203
1817787276
-1011336785
-939641342
1371807947
-715982801
660377143
1928944136
1436384098
-878261647
403108191
546458007
2139973380
1262741002
1115251733
-1923225585
-1738726810
1467799033
945493025
852536715
-1276268904
765419959
-691950783
2046800177
-1709134638
-1878453842
1608379541
-1883798325
1649071218
261818092
-955628483
2129442199
1682523461
-1469638125
289418560
1651705434
-467453435
630945172
-857501265
-131746118
-2085232862
-548331748
-1054766839
-1485018163
-1719643708
-2043337651
-250472223
-114455060
1484917521
-867475791
-1348281410
1983393741
192822187
-91946261
-1320504767
666686160
437967740
-2016121041
367321741
1336777881
-1199935051
-485823245
1108625890
299094494
-564405997
476338662
-495614837
1580313217
-776240029
1903160353
-1779355654
-1901800735
1453721416
-582711908
-571626703
1931423340
-1700534468
1524779746
355596642
1863364472
-1574766380
394948872
927050457
1492539475
1237437767
837908187
1007939609
-542131816
-2002389968
280968536
629553989
-1048739388
1145968018
-904678560
-1492315198
1671492104
-1378015203
1845364908
-2094268391
-1329771424
1290553263
1648335869
1869064737
1016696547
-792399844
-309127016
83075420
-957214628
-960651214
-683444495
479158177
1777259034
-141612809
-731523930
-182684677
885824260
2115579188
-909879378
-659425327
630468592
2087753014
-1883795246
697283142
1989950772
-2139424045
1997476187
160796130
-347617924
1275482539
-754898932
1107969137
742140381
1836863407
-14354094
-389651157
-1553522902
1246058983
-386308423
428284180
-2065816442
1390868847
-173114974
947800486
-2144972998
-1088021310
101598515
-1133769300
-1089699896
-1774868166
1723691918
-1125678992
2032358464
-528604969
702214724
591095576
779971537
-1508679617
-343313909
-1281537972
378523554
179943685
-2073776721
1741412892
311530722
783019053
110079046
495708705
1785400349
-26752785
1663595175
692659169
1234702801
1407153083
-1044326372
1368545655
-1417259967
-2067162755
1631810134
1501508211
-1775132024
78320417
1957088417
-125344513
-481453840
836287833
-180330920
-1137582782
-1116914044
-749172579
-1414794086
1166309128
-2071042077
-1770715789
2119402301
-142398046
1031271255
-565776144
1693356290
-141040118
-1900596699
430736766
-1576029430
850016075
-1107684570
1029608414
977914761
1950405919
373875350
-598759312
584974264
-428048167
-1535397077
411156658
-1686202096
341222533
-1468742551
2118341894
1455572404
-1316225971
1751808564
59554487
-291083218
-1891765731
86030758
1497571901
221677150
-1210347638
1536868130
2092348864
1213839278
1250765295
399229353
-922379302
36115082
1416375513
-1654786197
1919279777
1882472719
914532004
-317927519
1693751012
-212237054
-1457226907
-678922855
-2050454605
295781123
-907124214
-1616514798
-1544841692
214469889
-405467200
906000329
1472545108
1276731376
-1569639020
-580533165
1051606700
-1480685383
89863260
-1028618707
-1911286171
1362912370
1211345624
-1320075503
-905388979
1203302350
-433831405
-252239478
1720904906
1651562967
-1770628081
-1244674870
1842148895
1465814490
-107771744
-1393704517
-1624845842
1257466017
1419633816
-1361867437
1377563389
1729268967
-1475557596
-1272896468
817654588
1719667464
-1650695819
-784835757
1488047622
-1779544072
-307940190
1452599903
-600214873
1610551157
-841317940
-1445821755
-64890082
1563172224
-105047934
2918507
-797883613
383773448
-771610777
-1410842758
-1153983638
759994856
-1308364014
332628856
-1066502871
-2062820332
-615737547
-334537835
1257087448
729879054
-2052508160
-1291911100
-1717335241
312106141
-1338623545
1906910733
-441677931
-450587199
331058401
90349985
-1445679538
2142332129
179956691
-696862418
1925443732
-28450234
-973556306
1978840820
1825340018
1882947020
-1217012043
-1593863912
-313548786
-1211884330
-1483740862
596490936
1781390126
-1336040574
1935411433
-473664961
1710923004
-1478468323
1838732253
1961304313
-2081097715
2077685721
-674224494
813211625
928147103
690358205
-582935132
1485665754
-696700638
1840530652
-11187721
-608476493
-2003027719
-795084599
2045936414
992332815
-754832511
1090604873
-282264576
-485761267
123625809
-1255113142
-1410105928
657881955
-1908281917
912390420
1015671997
-2081342535
-737172813
1890722494
1581546562
-753193164
1413876870
-977456158
-700959777
-1198450608
-90264978
-1977137261
1757129585
-1694743310
1941038827
1046725519
1440555325
1529762749
1942197396
1754173361
-106869157
-2048689500
-632032489
459067560
-1104110255
-1488313665
-1739751299
72489453
-1739675907
2118643042
-1922557262
482495218
366090680
744584811
601765188
1291291543
1217490616
-676632612
1075390315
-1437131807
-526708298
192983721
1623578184
-1613305107
-858399024
337838289
1259552625
-1631508190
328276656
-2044218190
-621762643
-1142797915
56183020
-1645934183
272200187
1578182417
-1042709329
2050501016
68739801
1439186791
-521715815
-768193380
1708151746
92420931
1800440548
1676162238
-2018600201
-822397871
-1713156409
1280351193
-55596158
-1784975618
-2019159010
-470587812
-1457016457
-1721271438
547439690
-669208736
-716362115
857534908
-1558052011
-1786510852
-341190004
-2132656817
1045301338
-707177512
-1078833929
-27055188
611457059
881759488
1849733549
1788555872
837486099
554297594
-1834021189
-1943429071
-1658626234
-1298539238
-602808812
437988756
-283237386
-1102696429
1054605204
-1109942175
1487483680
-584253743
-1941878974
848918217
-858239897
-1396348282
574434261
-1832858233
-1206662089
-1503785981
1903647097
-89000619
-1307277779
968804424
160967890
-1895601247
-891788875
-180692387
-985966016
1606822528
-1791910668
486090339
483345765
2146337762
2135742952
554052069
-275526429
1435696135
1890081230
1998855539
-1949069718
-1189488847
-1212609853
-545055887
127854321
-171618661
-1507832914
-2083233748
838873922
1620680873
-1960867236
2076768045
1846875324
-1298698144
656744428
1916627410
-1913602476
66594839
-81784980
-1604762855
1860668892
-2034150546
-1593931068
1627552959
1545893256
2061444223
1922392530
-596498039
-1955792468
1279629396
1466744790
-356978464
-620706102
261811864
1926290192
1373056931
181281740
1256548496
1347123879
167105080
1057277069
14779211
-275417395
-1517667356
-1297825635
-1639636712
-262301921
1560334173
641708613
-1282976201
-63671471
1664019612
368984520
1259064532
801323530
-91850762
-363028244
1443623984
-1771208180
-2146288019
-1120617800
-1182306527
450660759
434359107
-1999299714
1260942780
-1913354225
-1877966128
-2058365669
-744481201
1788540380
-890956139
2031936380
1808384405
-1044451695
-1949063536
-102771355
857992740
-1652354737
-636345391
819510637
337682218
779780971
-1121728436
411348812
-1531598248
551614798
-941508623
1181896025
-89024227
-1815090787
-2092687623
-510449075
-1024958185
-940487015
1785618819
446366540
59682758
-934110777
647376990
1435112998
-1806582398
83934674
1787205416
-1315956775
-1658528850
775975600
-537045097
55152474
-425905618
381949956
1311909398
-315516780
-1220059115
494066115
-1917019245
389960624
-1746275421
-1570047207
738652311
-1455520617
274918766
-2128385139
1288230294
-269277516
519946974
19860067
1944517768
1397225726
1744999389
1516649537
1388914616
-1732622795
1779861455
-564021484
1929499099
2016243051
554730944
1383835700
-230702237
794881733
-1687897124
-1589995323
1513302293
1765015682
24947235
173782112
-1483407400
639561788
1098425436
-2081925645
-1759974960
-1962224530
137559882
1595735781
1795080363
-2026614218
1764515101
665197693
1098545466
424573787
-980693717
1830371204
1216228419
-605615984
1305785055
-338187736
937121941
693990393
1033873393
-1242474462
1819128411
483571695
2076364247
1282270491
1196626869
2140124672
522797691
1876096331
1750688388
498895417
-262099923
303432803
1678016389
1512263334
81727706
-1365131603
1897632417
995955481
577924222
754272368
-1999746942
-1385165526
-1972454698
-907667560
-1132997271
-1378728833
-465147814
-1460452458
1309593918
1832140621
964976234
480472965
-240238360
-961842402
-1059184953
1221898893
-1466605346
1728871892
-1232625084
-25681268
-708770562
-1916704019
-866521412
-72817422
-1961188963
-496465656
536385606
-1616320020
-110734882
-1538485337
-550395481
-1907640892
1440378695
-1299237579
1184264200
1140448391
870354577
300623179
-620509720
-1325526041
422114750
-1484560594
1069152595
846659427
590798705
-1551274852
-419047085
-1487463772
-1323491463
1390158023
-695339353
-1836161494
-1081606994
-799137887
-1990245454
-1089488345
-1448455168
-438198950
-1945157706
1495131051
1282496716
-1385381338
569975105
-127209472
-1413249423
-2038333885
687780839
1515604567
-1731946717
1413487162
-1836262096
557617059
-312372226
-655620252
1613692116
-1885979452
-1979362722
1171174575
-822371291
30448360
-1081675155
-1544787038
-1562894132
-1566667218
1718170365
-1095009890
-1472694601
557132427
-560288105
1716398437
333112658
-641584399
760501715
-1503375136
1666155508
346613421
-1699431703
1809938204
2048786843
-1829519088
-1819540856
-1099901291
-1789676580
1144000337
1186303462
1894825911
762257684
-1781366607
-442912233
-53272671
1279097315
-1936583456
-1639771998
725167915
1016182235
-1491530593
672687441
-2039706070
-1006352525
759283878
-66790071
532172530
1986370369
-233864505
1256606553
-1798785508
-964897176
-17699502
1253690774
81834632
-1823504306
249775291
695515175
-1382002267
1539720082
98094970
-1795106468
-1861766161
2001556029
-1492760526
1605397253
-149535303
-1605371594
283364885
-118536959
-48349140
1751121659
-84412538
-1338235628
534820495
1824680334
1029565183
-1915871234
-1274629176
540387244
-686185932
-705196088
1188047905
-78341820
-456475784
2073629536
-1625700529
-750965977
-680493728
537686888
-1989753168
-581404165
-1325928283
488144970
1085049812
-1567772555
880227406
620510607
1701937983
1661473990
1351053326
-2035224975
1437169515
1900804437
-1251931926
778557358
-438988781
249398447
-1938555874
893504158
126779822
-1049131845
-831486911
-1131688569
-1492930247
-855654094
1297247399
-106072784
-798863303
256475469
1682159366
-1515535437
465810688
1854814399
1968273243
1860477079
309490478
495947749
657984014
-488620514
524941434
1473592123
1379534932
1770979290
233615794
-928229870
-62415148
286635654
-842466304
1739928703
-789435764
-643087086
1319462510
1093132438
1929527286
169083647
-789510229
-574179624
-1975222170
-2017431571
-459478001
33150441
-628891211
-1091892111
-904929316
1812288901
921586724
-260412372
-1172956730
1912043701
562737785
-1440099048
1203931572
-1341436099
389417070
1120665637
575655880
-485524904
1343142731
-979316988
-1049944163
120064166
1619824849
770706241
1278448591
-1925341851
318574682
-324500841
1725740479
266032863
-772089283
-1109126017
-1668596329
912271395
-2064084617
-114916086
787435147
847223287
643709831
-30005008
328184674
1935222540
423770776
-1228226841
1944969012
976004979
968181221
2084571705
-907889035
-769294513
1344996440
-46202224
-1726979023
1578992844
1560227188
187280660
1095090073
-942419633
-1498327947
-549260617
-1468791363
455274991
-2106605130
1565329359
-1113592934
-259708126
86769233
-504481564
-1790751657
-471022661
-1577454068
534065355
455407563
182553363
-886779021
-1668084749
-771726014
-30142842
-193791424
1186123006
-1632678271
464138785
2026161155
-151320941
925071110
-636477287
1775231742
541052529
228533139
1364444798
-529297583
2029538760
-897645075
-805286737
222290518
-1725136189
-221208351
-1831713264
-1114831794
-1014691991
-736335737
2037679226
-534441924
-762318427
1450910410
536922355
-2024943087
1491804322
-779989977
-958479586
321766152
-852128932
1460372660
1297028084
1499064403
1320051828
1150765411
-1919465548
1796241399
1988241219
21724551
798948120
-713136141
1630724656
261261463
-2028101687
212618152
-729132474
2120748082
8098835
-191814796
643408896
195851875
-1568636452
-493878625
1748233575
782824485
504641746
-695226502
-913459874
-863926231
402028515
1277796805
494738492
-1880405546
-844801550
-1000340655
-788825701
240717968
-437167674
-853502234
1262650223
-550432964
1379475782
-1076582042
-387165607
566371332
1043765219
27029809
1428084541
1020780631
2095703124
819363787
-1753180655
-1019704013
-255437431
846866876
2067642872
-1152864346
-1760532775
2027292855
138532495
834916753
295392125
-2102264834
1161554565
674402991
1778904385
2011581188
-733513871
63063509
-309482888
-714092973
-1100037409
-1868390790
863117103
1495483056
-924347221
760361594
-505260634
983575164
1798112914
2022364182
-2010859013
1313202524
875444485
-401930177
-783184600
-437008868
2012414272
2122980627
-2094329041
1015520976
731178139
-1342659417
-1064439661
1922800444
612103456
-1392027641
562391818
-1086875275
-1766562980
1443538554
-1684635281
2084540615
-701834886
166819082
1452281597
1319323353
-2064977011
1013568066
1146973626
1676784399
-1906546388
246850105
943475760
-868961233
2050014275
761628367
-762467742
1847589958
-1166245592
-1841002442
-1652215298
786978508
-325807124
-504675916
1534680526
1153871110
1962462963
1461950118
-1396038540
-1921225557
555423431
951727047
-1334109610
1332032714
1466617640
-536911694
586759894
1308355818
-201716377
1405412773
1096018118
1081584242
-275571725
1697515911
-1884060133
-729348021
-580246732
1299377195
-1219484960
-1367943997
-1040184425
-972504874
1574234988
-1518650956
-1316426519
-72045314
-314761770
-1935621403
-2038849815
422006612
1124736681
-1856182609
788872983
1125856004
-1619417900
-569641757
-208879662
248558395
-1671548700
723816427
1838142625
-798616855
-1901378700
197596206
-3158064
-1322070840
1357514467
2077331897
-1572190914
-1422303333
-689807289
-586728421
-121993611
775101115
252681122
-1604029297
2108574715
-118640945
-331929773
782684768
808132583
1055557338
468390607
-1046295159
-1683530314
1923886458
86590608
762769307
1257429855
1897808493
2011405133
-1622757661
467177380
-2042051496
-1169396118
86333387
1812187562
256357059
-830070351
-1166301056
2101923275
-712225688
1242284098
-1413938475
-1860572245
-1543672404
-2095852856
97212518
1173315977
-874458259
1049486573
-1343802112
1996071127
500123134
778989071
-488928448
-740636661
1318187119
721686835
-1228724359
1151165879
1759995921
239888441
547351771
-219424553
538126392
-722612655
-1551220528
233628265
-335378878
954129837
-1629402967
2002730051
1795056088
1696306296
982441337
-136885984
-1232005773
-481078010
909924929
715076091
230452002
729429324
1854122061
1760232608
1444125065
-1394912879
-2047201827
-854087809
-1408660180
401675877
1839825670
985970370
956563949
-1423723054
1399066842
-855204190
1070084307
1239235537
-224264506
1374652150
1037964812
-395971073
947196475
-1753029620
-556559563
-17620336
1390961809
1527824572
-1927745065
511515267
2047546151
372446649
-1346074060
-1181652201
1127435726
-1384594902
623088196
-1113025923
-432281
24050041
-1814406918
-1378987058
1346424010
2087926377
-1883868725
-1192831426
-1818294807
734339950
-528903056
1674183570
-1731254987
-1846495176
269235433
621926863
-1142798017
-786502512
-1628235835
84911155
1808012450
-966555544
970155680
1931956073
-944488415
1090304300
763693293
-99660553
197438219
1256842334
1223378165
-244925958
-629305882
-259747999
-926421729
1408941333
-4213940
-1541443436
-1036149391
1244614567
404151055
509410722
2029636950
-24189381
103590819
-449836265
-565724767
-356012988
1613682109
-1215409865
450456274
-594262263
-150909385
1409673738
-31171689
-1753656354
1665122870
434379963
-1073511532
-1054861932
-1633703538
548211234
-198653338
-173406926
1031183204
-1517744481
1862543077
-1361036828
-499201772
1128656169
963047081
2145180723
774751061
-858318938
1603148239
-436463498
1284500891
-450779012
1101430525
717571207
1960657852
1989534055
730483618
273951930
2007127510
-220118131
-5817214
-36324341
-693985681
337745103
301030001
1261073302
-1488480548
-1766693279
1404976990
83125579
-775803417
-1036783460
1419847571
-461527583
1299874987
1661163538
-1893706950
1279224331
247731651
675917794
-291472350
1637958377
545958563
-414692018
1852531651
168504769
823051077
-1881259894
1552072063
-874747154
-519154681
1101792982
-297731798
-1232842729
-1021248045
-638072370
-186797620
1327073700
-337828736
29736960
621003941
-1818263698
-1664252041
-1900182849
1526944880
-302985035
982859929
1504603446
-586531605
323033942
-870691488
1074944191
-361645417
1838645821
-2090006972
739199605
47729340
-1664702697
-1146804129
-580000249
-1783953488
-1552020660
-1085057709
-16533041
456262999
1851526188
196095339
1684912162
-1754828307
-39391640
2074109952
1021866473
-585531646
-1178161981
1429704221
-1898387856
-2125244730
1979743752
47790949
1970404478
-1140219514
-1483717058
-659355339
-1139803996
-1479843978
541812506
-1773697019
-2103147302
-1493165392
-1631870028
-328930541
1495473479
-1505184388
693635965
-1469560254
-1903757729
-2128062254
174923888
-665280962
2013835315
-1133557988
1839508616
1181932260
-139760893
-516319425
-634324367
-1334653983
464392472
267394012
-995727998
-1518692456
-68752944
1960442578
617182441
-1489695671
-69416454
1941027079
-1119422937
367860590
-506301085
-40321432
-1464939841
1175922536
690881969
821073453
-815702743
1986987867
317680238
1028747105
1621815565
-224926379
109467239
1934205345
-179879251
-1655088459
965291575
1342847523
104540578
694644426
-2100048866
1692456186
932786890
374954938
-22139626
-509655401
648111488
-481477211
1527274280
-1139418734
-184834034
-716791
1977231611
1707943082
1657763679
-1448370841
1904906925
2021178634
-1770854920
-889830106
-1658071067
-110343986
-1919543767
-87901256
-174677208
-789531196
-261119105
469641467
-1707093396
-605054858
-1631473796
-1072346911
709473514
-515442840
-942242423
365130322
-2062888392
-2139617635
-586216917
-1013929904
441552534
2038929248
-779327115
-524478116
-1555218297
235880512
874625213
1113239832
1786416035
-1914011301
173113234
1530634285
-260434773
-958699297
1726372844
-161022354
-896146722
708213709
1945449893
2066934589
-1356135798
912123648
-1307921112
842387501
963788005
2010135662
472707431
288795112
-1971586787
923746476
2104854802
-195134637
1843436204
1508347063
-795370747
1248546543
2129129713
-672528400
-286764543
717712002
1006603260
1601470056
179828638
-2056414987
1535183529
-357116066
-1959476608
-1213354368
-1152993809
1324789765
1844433865
-864900349
765328761
-1943314807
-1766844466
752754359
1192012150
1546166612
-1463419380
-1927105275
1381422509
1194229388
-1865532324
-1681782347
813763027
739842016
-1442770586
-185586613
980091680
-1932298620
-99698093
1260484013
508887839
677155705
-513732666
-1360161783
644528069
450764817
-1901756916
-1648561931
-1551101755
1179177650
-1291727727
-1637624361
1111332386
-1830667302
1133078677
-148835706
-1943071739
1399613282
1538271008
-1750390223
-1872711728
-196096506
-1630358989
-162215297
-1143227790
213146404
1136399679
118001912
108385276
-469857597
2006129882
-263773534
1063924852
-1041112106
621903280
-342763025
368979433
-1408609598
-997067081
773459670
1612921799
196225054
2023875238
-1973797569
-1655032980
-1491943495
-459936601
363900323
473983482
630854624
1449712714
-999717901
-429333649
1513079008
-1238979395
220223673
1706090226
-742900535
1385521978
138395773
-379562898
-651344011
-403679040
-1679334039
-312723612
1434375880
-375264507
1843894063
-2084990211
819987256
640862378
118191402
241029982
-849889137
-1134211920
-1428613437
-1270230977
2074423023
753311018
1736529430
-1577947970
-1341886442
879132980
825172180
920838256
