2145930509
2144154123
2143367891
2141270919
2140983985
2138030062
2131177967
2129916858
2129253081
2127665704
2127402237
2126014945
2122263771
2112135179
2112065187
2109277549
2105655697
2105107155
2101072995
2100688486
2099844822
2098938101
2098883321
2095835077
2095683724
2094653019
2091159295
2090864604
2090122238
2090009031
2089276710
2088850583
2088545017
2086651381
2086454914
2086190693
2084832855
2084449661
2081498876
2079141542
2076101933
2075948147
2074268016
2073487975
2071611302
2069333551
2067153557
2066872083
2066600875
2066424059
2065813022
2065576421
2065268899
2064278429
2063844621
2062258326
2061531301
2061054209
2058931652
2058563188
2057369320
2056367893
2054417221
2053518613
2053104382
2052865615
2052350737
2052039848
2051982826
2050229699
2050048881
2049595600
2047834783
2046582492
2045716298
2043025184
2042055452
2041397718
2040330324
2040167941
2039136214
2036802666
2036001012
2033842080
2033820375
2033702849
2032368593
2029882795
2029656513
2027502300
2027309663
2025900167
2024806148
2020149757
2012568432
2012332007
2010806486
2008639245
2005736869
2001746351
2001535546
1996378618
1995511440
1994873811
1994351160
1993835322
1993313649
1993189031
1990176573
1989332165
1987623164
1985794466
1985356313
1984505550
1983941563
1981412603
1979915933
1979463817
1976720467
1975241667
1975029411
1971963662
1971509892
1967379252
1966535065
1965810374
1965421858
1964317307
1961010086
1958812593
1958656855
1956256474
1955987533
1955387097
1955231556
1951915301
1950235397
1948880009
1948675792
1948171277
1947594076
1944678469
1944233910
1944031653
1940956700
1940083943
1938520523
1938131765
1937255541
1936500243
1936239384
1935716582
1935509917
1933669029
1931573628
1930689528
1930338500
1929996506
1926656120
1926020061
1925190903
1922114711
1921797672
1921414310
1918355306
1918162863
1916460660
1916362033
1915421919
1913844346
1913319950
1913166604
1911854348
1910762193
1903030036
1902485992
1902300334
1895204455
1894253107
1891877869
1890483646
1889533505
1884845525
1881841894
1878544185
1874156396
1871649442
1870633301
1870361950
1869698262
1869247160
1868649538
1867577882
1866640403
1865638810
1864362452
1863938826
1861859541
1855355084
1855068648
1852864211
1851931695
1851124411
1850085354
1849205989
1846937197
1846152866
1844914267
1844669242
1836198825
1833627741
1833155703
1833104225
1832919266
1832806098
1829516536
1829087129
1828732591
1826409656
1825668580
1823064385
1821886587
1818988199
1818777331
1817863969
1814276349
1812829170
1811286838
1811049308
1810691517
1810142497
1809535413
1808806636
1808151297
1807662319
1806536133
1805720154
1805296747
1804004471
1803929710
1797353493
1797114547
1796487620
1791900427
1791871184
1787553713
1786429897
1786211414
1785552733
1785012190
1784803009
1784778930
1782059667
1782031501
1779912125
1779497413
1779111153
1779034497
1774478179
1774380767
1773007311
1772345758
1771566724
1770037712
1769878192
1768202696
1767517547
1767407573
1765816849
1765183385
1763945874
1759651729
1756564577
1756146194
1753587565
1752890892
1751179965
1749880991
1749788402
1749425388
1748437130
1747932947
1747114814
1745409896
1745362117
1743649911
1735228930
1734376268
1731165064
1730029629
1725085644
1722958532
1721765073
1721041748
1720910994
1720034502
1716718063
1714121754
1713334633
1713023601
1709971108
1709508793
1708399979
1708073159
1707806770
1707562932
1705877735
1705518145
1701336275
1700503745
1700206001
1699408158
1697974050
1695196940
1695152966
1687750823
1684920008
1680813263
1679166930
1678781392
1676727515
1675609650
1675080421
1672307331
1671188856
1670409683
1669623728
1667771259
1666893890
1666187444
1664414759
1664215593
1664081390
1664014560
1663797768
1662988333
1662590875
1662310477
1661235581
1658447072
1656635272
1656241107
1653804157
1652683500
1652156074
1651896496
1651774882
1651684761
1650650556
1647797814
1647122305
1646721354
1646388190
1646366178
1646254189
1646008834
1642234069
1640243548
1639551467
1638263080
1634805005
1634657104
1633409320
1629733468
1627113552
1626504512
1625227411
1623306374
1621308780
1618581273
1618249072
1616686556
1616490075
1610948630
1610281451
1608982299
1606927302
1605754136
1604888205
1602240216
1600739141
1599955252
1599369366
1597675554
1596693838
1594487324
1593310914
1591135603
1580713297
1577038563
1576483744
1574870516
1574713442
1572502283
1571786570
1569929587
1569290181
1569146771
1566037292
1563941562
1562482889
1560037708
1553779320
1549965441
1546492139
1541315564
1541279801
1540348222
1539933400
1539486663
1537985761
1537294579
1535695437
1533855189
1532769894
1531002326
1530132202
1529908334
1529233733
1527270613
1526578679
1526157039
1526054309
1525581710
1525443904
1525440810
1524489750
1522347753
1520326904
1519263951
1516171230
1514599660
1514077684
1513966575
1512991578
1512948582
1512555014
1512528695
1512028897
1509482922
1509020654
1508346142
1507305055
1506513033
1499159920
1496413235
1496010263
1493523159
1493254263
1491477818
1490672312
1488253288
1487566831
1486806747
1483172836
1482792087
1482379840
1482128228
1478858997
1473637607
1473552138
1471042363
1470918762
1470815185
1469937946
1469527492
1467900218
1467538750
1466491299
1464509473
1463055096
1462045487
1461864500
1458992288
1457595621
1457449013
1457031526
1456836826
1456818569
1456471916
1456167979
1455580715
1450700001
1450339444
1448476968
1445963928
1445868467
1442898900
1442363509
1441377745
1437256266
1436998739
1436269995
1435490034
1431523127
1430132535
1425232376
1420413299
1420290276
1412961986
1411870953
1410963333
1410752517
1410013794
1403447894
1401750187
1400808093
1400689522
1399691120
1398941722
1393350960
1390371824
1388730841
1386131824
1385150333
1378696310
1378075777
1376435928
1375845280
1375631192
1375570865
1374970700
1372763174
1371866283
1367115127
1362543773
1360369840
1360238756
1360186898
1359177138
1357759758
1357541971
1356836996
1355902448
1355184337
1354686599
1352045064
1350461662
1349702430
1349141966
1347095295
1345067208
1344850066
1344575800
1344145789
1343506038
1337607157
1337084591
1335848816
1334231496
1333617401
1333466997
1332958933
1332841091
1332643079
1330152019
1330015515
1329221118
1319052796
1319003551
1317792922
1316110319
1314785288
1314441249
1312786161
1311763451
1310125195
1310073674
1309788367
1309730955
1309241114
1307681296
1307579049
1306332071
1305631627
1304872125
1304569805
1301850551
1300050440
1296036050
1295514955
1294117055
1293742318
1293332594
1293084557
1292780754
1292473408
1290877548
1290328400
1289786810
1287615095
1287117906
1286582165
1285643609
1280737318
1277029562
1276934507
1274891444
1272988340
1269678494
1269123603
1265288652
1264603979
1261401638
1259306222
1256724998
1255602705
1255170438
1253829923
1252946042
1252923905
1249440936
1244340655
1240850629
1237768989
1235814952
1235537987
1234744527
1233853294
1233745000
1230436653
1228491126
1227821648
1226018255
1225922459
1225032887
1223251646
1222068712
1221819959
1220508218
1219814372
1219477429
1215795781
1215370204
1213256138
1212537014
1212127778
1211017276
1209406886
1209333287
1209218813
1207431591
1206432120
1203655762
1203475789
1202961297
1202449230
1192255728
1190571564
1190207702
1187168331
1185279058
1184200133
1184013788
1179817695
1179214724
1179136214
1178892189
1178239653
1177280445
1174511931
1173725597
1170518765
1169072866
1168481526
1163194194
1162559053
1162539382
1159532178
1159092366
1155948291
1153645053
1150167372
1149938248
1149060247
1148633774
1147010727
1146419642
1144963722
1144554382
1142269478
1142001091
1141305101
1139023467
1137129837
1136456875
1136150753
1134990150
1134968798
1132391626
1130094087
1129627342
1128283862
1127978086
1127351415
1126173447
1125786481
1125724121
1122387534
1119818405
1119356152
1118123302
1116285007
1114680824
1112062116
1110760134
1110479761
1109659965
1108127663
1107837895
1107764798
1107054272
1106707768
1101560614
1099622843
1096536652
1096007226
1093106951
1092157708
1089225578
1089185897
1088928294
1087922264
1087556678
1085946570
1085723053
1083342301
1080993081
1079820441
1078943499
1076830716
1076055212
1075799017
1069573544
1067924154
1066480085
1063183170
1062368408
1061827896
1060957307
1057631996
1056732559
1054251881
1053981647
1050498995
1049344601
1047881168
1046643436
1044047976
1043104883
1041487681
1040703500
1039004971
1033176697
1033011634
1031830635
1030284970
1030190964
1028605544
1025882862
1021612078
1021370091
1018357580
1018351274
1014526120
1014230704
1012982609
1010020545
1009393079
1007672462
1006251998
1005323880
1004790825
1004211325
1003998861
1003548901
999580933
999553898
999293556
998368189
998288256
996231740
994710592
993779065
992091988
991798227
991023149
989577261
989221959
988469643
987735931
986240947
985615262
985550624
984967750
984621486
983200346
982287729
982196781
981871092
981469714
980523309
980074514
979117285
979110564
977796862
977721578
977631478
976387015
972792770
971734134
970661833
968735089
967564005
962582003
962506589
960504399
957778192
956297092
953946826
953415314
953158073
950375404
947021662
944628629
942518941
942122806
940868919
940255796
939988301
933915148
932890333
932383931
931549012
930195288
924116457
921960778
920997851
918002788
914142968
913297800
911937088
911190289
910029318
909391655
907618775
905765757
901584067
899902064
899327965
895499254
892496492
890246194
888830667
887792026
886774236
885660013
884810577
883465984
882624676
880102919
879066367
873813263
873716712
873557657
872539940
867934291
864180124
863773310
862880947
862228306
861369476
860180972
857918036
857204879
855369711
854260552
851713420
851106154
845126887
844523435
844047137
841341894
840576590
840276592
836548220
833466180
833142619
827747763
827703066
827356965
824001006
823162392
821389813
819685532
819378491
817680729
817192471
817099079
816870556
813295070
812178560
810648252
808564355
807208594
807108780
806514734
806496542
802487744
802109906
800853508
800338158
797854114
796853756
794511896
793894190
793574179
792636194
792047049
791692090
790466616
788804929
787648768
785495578
785281151
784746311
783785076
783163835
783006976
780675296
779217707
778810833
778660931
777394348
777229718
776624387
774762968
772225991
768510628
766794345
766699309
765519226
765443279
764491321
761022628
760144070
759468263
759048897
757618193
757161240
753886747
752854229
752600111
751854519
751517010
749733808
747564587
746194540
745703695
745130944
745025133
741847979
741750824
741086337
740361948
739100767
737644896
735698989
733509286
731336979
726107784
720311743
717579795
717387853
714615284
710746471
707233574
705016834
704283195
700766560
700458909
700216450
698494731
697913341
697270279
697092011
696054640
696007585
692993736
692515590
690027936
689456422
687771306
686508947
684890270
684793243
682008242
676999514
675663537
674263654
672831733
668423738
666759905
665923578
664997391
661872432
661186884
657280328
657185520
657066092
655432594
653171687
651605950
648312129
645509635
645270174
642219240
639717311
639542554
639064299
638470979
637658242
634065520
630677002
629661985
627379520
627368289
626899939
626710873
625149748
624388358
623049384
622748258
621875188
621531751
619871393
619789000
618982776
618381137
610246538
609346941
609100713
606189313
603481041
603332046
602845840
600330331
594237417
593912549
593151477
592030242
588745608
588526255
582910511
582382254
582351769
582081413
581152267
580818551
580495289
579472722
576764058
576599680
575928190
571381796
571336717
570606692
569326719
568818789
568660375
567866633
567469395
566262497
565655728
561127657
557644985
557634902
556043571
554206352
553473411
552546216
550459238
549546418
546968905
545904164
541150915
541084064
541018263
540514320
538511722
537289787
536979307
536973158
536185292
536018602
534600001
531686907
531263502
531178002
531053351
527253751
526580423
525118771
521928657
521130825
520684484
515666045
515590632
512772556
510179403
509835068
508966447
507587154
504996800
504717476
503707356
503615577
500331293
499643303
497128400
493985661
492515864
492429651
492206765
491587542
490110510
489125873
488298995
484676463
484165076
482528230
481527299
479865822
476964848
476520283
475093001
474850506
471451746
469774205
468710493
468339490
467790868
466519093
465645730
464948381
462002715
460456713
459739037
459587062
459477086
456701548
456700028
456607823
453259336
452120198
449135179
449065173
447645341
445829840
445559635
445408145
445122647
441957035
440229697
439740585
439549738
439362997
438132015
436747841
436264701
434701632
434596921
431983788
431170636
431168491
430162578
426390657
424905869
424358076
422075251
421365694
420801971
419921206
418881014
418789385
418225382
417761046
415304010
414296127
414116880
410721274
410555146
410388515
409087174
408997671
408666754
407730216
407638406
402823712
399522188
399430139
397991174
391651726
391462898
388945645
388276947
387014255
387009143
386616351
385583406
384624570
384081190
381398847
381198500
379139020
379098128
376546087
375614856
375030769
370695189
369678072
369469903
369079216
367404546
366148654
364614776
362886543
361828338
361591703
360754875
359074417
358079141
356326104
355094183
353204974
352953948
352647296
350291704
349782714
348707868
347389682
346979187
346516659
346003531
345339849
344233288
343142780
342649666
342455638
340884806
337587367
336558476
333852066
332430714
331038796
330983892
329865750
329010944
328139796
325702179
324656329
324436013
321380565
319573368
316300468
316244753
315100490
314883080
312503676
311518971
310097004
309641280
309444882
308727394
303426983
302642221
300382780
295342414
295245602
294971327
292018620
290934064
288630956
286517721
284685060
284556189
284175713
282302004
280192636
280095510
276297433
271698052
270322360
269717030
267617617
267539776
267425509
263744343
263478741
260775662
256520012
254848888
250809547
250377579
250107260
249034652
248472013
247288567
246476923
242715071
241777987
239401192
238544825
237231812
236508461
235266252
234568536
234126690
232365375
231613293
231312712
226207447
224598967
223359786
222275275
219641932
218058697
217512090
215115361
214596425
209803274
205703421
204878056
201951388
201036345
200167720
198493913
197068698
195094440
193695025
193370285
193068568
192863584
189720298
188728297
188208222
187702955
186632383
185753144
183030555
182624019
182530332
181747755
179460698
177556416
169906628
164808482
163997018
163391223
163241983
162657852
162435678
162055626
161633760
158803517
157899438
155070162
152876454
152691316
152360404
152310727
151906532
150344606
150300942
150190284
149653416
149598177
147901795
145714183
144668272
140412213
139463309
138032642
137915679
137828453
133472496
131225000
130994914
130455120
130119973
129426074
129238840
126553566
124653498
124638064
123563890
121866187
121316714
119135567
119044827
118759105
117078055
116746944
116636055
111765922
111250684
111117806
109188224
108321446
108151356
107483693
107292584
106862959
106007262
105798748
105260002
104785399
103745525
99242934
97282718
96553631
94821177
94115109
93354424
88509307
87840273
83328299
82904246
82649368
81558308
77151693
77114455
76405558
75585601
74317943
72360119
70278302
69980687
69662568
69651785
69022450
67663387
66416213
64973925
64435756
64312382
64018844
63931427
63202967
60558947
57964246
53638072
52890242
52415651
51221896
50660665
48605971
47669588
46654012
44080444
43359404
43177685
41947092
38086489
36981393
36151931
34886873
34835741
33167718
27047058
26752308
25535571
23891174
23231129
22473478
17718254
15798433
15690561
14408817
13409210
6918464
6661714
6126512
5896283
2655332
1046908
-604981
-2319145
-3026768
-5004620
-11916656
-15100251
-16867470
-18129497
-18253635
-19443516
-19790492
-20179005
-23867526
-23878748
-25081432
-28566944
-31909078
-34005180
-34382311
-35526752
-37135270
-39081001
-40093722
-40484377
-42669148
-46810837
-47998426
-49174858
-49680640
-50378445
-53088148
-55682311
-56364159
-59481348
-59966432
-60418656
-61172877
-61212183
-61302731
-61874313
-63310609
-63994127
-64190825
-64316474
-64719721
-67908144
-69380254
-73932697
-74387292
-75032675
-75861453
-76614983
-77075323
-78273811
-79713994
-79986983
-81641076
-82593151
-83330301
-83693422
-84009907
-90307613
-90439761
-90655440
-90757815
-91728816
-92859190
-95136547
-97388846
-98055726
-98451844
-98531583
-100436152
-104288793
-104462628
-106397396
-107262225
-111144779
-112542003
-115040084
-117142781
-117501622
-118019742
-118034048
-119742876
-121255070
-122193139
-123217318
-124028077
-124334286
-124702043
-126389387
-126629019
-128934473
-129382816
-130164729
-131732876
-136000880
-136330298
-136521563
-137608900
-138546570
-138988839
-140401569
-141994115
-142975161
-145087837
-145542563
-147311927
-147440409
-147680331
-148357591
-148853311
-154606823
-156496586
-158614774
-160298206
-161935457
-162623124
-162855881
-163389356
-164240339
-164483569
-165428311
-165611361
-165921920
-166362276
-166903918
-170903167
-171430549
-173363160
-173429753
-177040315
-177708016
-179042228
-179617760
-181948671
-182115091
-184434541
-185468615
-188235184
-189458679
-191076629
-193006648
-193214802
-194530682
-194572093
-195483432
-196062609
-197159188
-200673634
-201004124
-203371324
-204729520
-207703095
-210418459
-211888453
-212249056
-213211564
-213990758
-215451882
-215577267
-216932637
-218399233
-219486414
-219879592
-221514685
-221818233
-223777531
-224215854
-224674817
-226879276
-226972942
-231930832
-232746201
-238323845
-238608268
-239830568
-241377792
-243071014
-243329192
-246097067
-249192257
-251230796
-251384311
-253744532
-254263434
-254669143
-254788341
-255759874
-257685222
-258608208
-261602634
-261911353
-264057006
-264855833
-267057571
-268413667
-268755765
-269186170
-269202430
-269687168
-270404012
-271443726
-272001213
-273164042
-274850905
-275406107
-278259226
-278985667
-279223755
-281601874
-282310799
-285684024
-286385188
-286652964
-288940916
-290946821
-292175348
-292908075
-293356456
-294326148
-294622893
-295293105
-297767935
-299244798
-300963320
-301965140
-303181537
-303625838
-306344049
-306785345
-307722773
-308287579
-310018703
-311385474
-311599019
-313788272
-313872004
-314143639
-315553771
-316119137
-318903710
-319428633
-319997828
-323357268
-324883884
-325704395
-326268987
-327945388
-328290901
-329352714
-329389218
-330218460
-330450706
-334015193
-336263748
-336715759
-338935501
-338956069
-339197812
-339795783
-341751433
-341778483
-341802573
-341868533
-341895472
-342649047
-343657432
-343878685
-344993422
-345590654
-347490282
-347854320
-348947172
-349955824
-354683261
-356219081
-357244973
-357604746
-359017195
-359359544
-359676656
-362086773
-362279609
-363849261
-364219476
-365658153
-367486209
-367534705
-369708504
-370886650
-372352191
-374400845
-376628030
-377586646
-378159447
-379549459
-379826595
-380032027
-380511055
-381452274
-382668987
-383228534
-385466614
-385704545
-388425940
-389471233
-390491033
-394245350
-395740129
-396612825
-398260033
-399010783
-399708315
-400862812
-402285435
-402438252
-404846821
-407485339
-408686258
-409660082
-410300714
-415770576
-417801225
-420170626
-420952147
-421306594
-423212381
-423334672
-424088499
-424455318
-426519681
-426756601
-429715656
-431212577
-433953725
-434202653
-435564711
-437008222
-437232079
-439332323
-443364846
-444115638
-444657531
-444930922
-446017294
-447578723
-448570725
-453664024
-454001187
-454714741
-455279385
-459013850
-460091449
-461995095
-464835517
-465530797
-467695083
-469024398
-472082503
-472279142
-472351406
-473589151
-473740056
-474501499
-476662811
-478715980
-478959824
-479507550
-479747841
-479947529
-480569222
-480657733
-480849351
-482132806
-482806365
-483807161
-485115369
-485468441
-485671341
-489984122
-490458684
-495354461
-496277376
-498351308
-498524912
-499759402
-500015314
-500851467
-504179043
-504516282
-505027107
-505114274
-506922146
-507352648
-507408981
-508537221
-509109126
-509143834
-509550106
-510486621
-510949623
-515661093
-515682127
-515722362
-517383576
-518024513
-518270601
-521176445
-524855407
-525669361
-531349393
-534937421
-538922922
-539263923
-540249792
-542061569
-542981908
-544189094
-545518188
-547588201
-550423236
-553523525
-557728175
-560751819
-560775721
-563554192
-563954110
-564377936
-566211875
-567828031
-570651224
-571959618
-573454719
-573942031
-573977898
-574341835
-574834659
-576746163
-577457191
-577666821
-580748909
-580799487
-582223826
-582666752
-584270925
-585362380
-586000857
-588268194
-589256162
-590202644
-592556590
-592816274
-593484536
-595504853
-595524150
-595691409
-596962766
-597788391
-598357082
-599950287
-602435780
-602490874
-604149397
-607331202
-607674404
-608327845
-610015687
-612750146
-614693915
-615411205
-615709865
-616319063
-617714559
-618153487
-622416508
-623231145
-623595859
-624218719
-624748005
-626108165
-627343357
-627363483
-627539561
-627750317
-627996856
-628171530
-628252517
-630777530
-631614095
-631768112
-633304138
-638921846
-645348873
-645634843
-646883063
-647445174
-648301714
-649010793
-650264880
-652747770
-653601579
-657557222
-660927328
-661359117
-662465846
-663148097
-663838392
-665444991
-666199684
-666376641
-667013092
-667327145
-668364537
-668446043
-668721116
-669528085
-669888226
-670324261
-671454033
-671718583
-672247080
-673368058
-674090901
-674667431
-675116870
-675780880
-677210087
-677350159
-678167150
-678846841
-682680473
-683166529
-683894741
-688827658
-688897629
-691503895
-691569986
-693065990
-693683601
-696032564
-697263431
-698293710
-699039098
-701324347
-701887336
-703131951
-703242009
-703599721
-705615407
-706070843
-706330684
-706756708
-709852156
-709980360
-710839437
-713507064
-714958441
-716044789
-717388156
-720353361
-721434173
-725386537
-726275088
-726556896
-730117898
-731067264
-735068855
-735557245
-736810356
-736973965
-738362012
-740930260
-741994892
-742819418
-743431778
-744232357
-745601189
-746132688
-747936959
-747985550
-748703742
-749532770
-750764722
-752457559
-759660733
-759911509
-761916695
-762413167
-764569284
-766042839
-768463852
-770646429
-774558280
-779379557
-782401467
-783037021
-784708960
-785419138
-786581325
-787240199
-789308489
-789995526
-790438634
-791177483
-791625537
-792262273
-792609742
-793209198
-795694857
-796049222
-796067327
-796234225
-797363497
-798113018
-804120187
-808585105
-814651704
-816638709
-820271235
-821234687
-821996027
-823762783
-823905257
-824790740
-828820739
-830725241
-833508503
-833715099
-834355539
-836313919
-838321463
-843788978
-844285008
-844850160
-850975401
-854163072
-859309755
-859722122
-860884926
-863944008
-867983881
-870712623
-870904700
-872370320
-877462971
-880427050
-880898714
-881652193
-882818158
-885116683
-885626808
-885917402
-887295164
-887483959
-888692059
-889564133
-891257985
-891527021
-894142064
-897933367
-899001776
-899012073
-903788103
-905067268
-906274920
-906750679
-911198077
-911605613
-912401354
-918231770
-921502160
-924789935
-926241928
-926294824
-926987862
-928878441
-930048103
-930126532
-931600273
-932386393
-935071318
-935532391
-936307503
-936985481
-943657422
-945212929
-946799759
-947074755
-948115996
-949754391
-950269776
-955142094
-955780414
-956831841
-956858727
-956937515
-959986832
-960110077
-961158877
-961301098
-965071435
-970419451
-971338955
-972725951
-976315199
-977602104
-982068357
-983814097
-986067084
-989999110
-991760627
-991765319
-992380946
-996713145
-996958345
-997974029
-1000479148
-1002168179
-1004264271
-1006557093
-1007001805
-1007825647
-1012733290
-1012795871
-1013932908
-1015480753
-1016094225
-1019103656
-1022611072
-1024023307
-1025845484
-1026071613
-1028428389
-1029765592
-1030053459
-1030381520
-1031669405
-1035440376
-1036322009
-1036500557
-1040150821
-1041762085
-1043036302
-1043164754
-1044432977
-1045327738
-1046630066
-1048558714
-1051279415
-1053975264
-1055031097
-1057792332
-1058603278
-1058760843
-1059206551
-1062097075
-1062105635
-1062808464
-1062976452
-1065671739
-1065929440
-1067367029
-1071551879
-1074171289
-1075970598
-1076034818
-1076141303
-1076723150
-1080154870
-1082208115
-1082656719
-1083201889
-1086171889
-1091877044
-1093724490
-1095378256
-1099633928
-1099951128
-1104856172
-1108688713
-1111394910
-1112378662
-1112821711
-1114297050
-1118340369
-1121684895
-1126476731
-1130310540
-1131145364
-1133816007
-1137308062
-1137598125
-1137961414
-1140833120
-1146065348
-1147765768
-1148210612
-1148430287
-1150549407
-1151761408
-1152168834
-1153646231
-1154822871
-1155119630
-1155173837
-1156664857
-1156792799
-1157656835
-1157681867
-1161680373
-1163138836
-1169962159
-1170107526
-1174496836
-1174819440
-1175537032
-1178928688
-1180270583
-1180308870
-1181116052
-1186104261
-1187076654
-1189712154
-1192369058
-1193561967
-1194100428
-1197570743
-1198994941
-1199129961
-1199312076
-1199427967
-1204920541
-1205557361
-1207182350
-1212316341
-1212727746
-1212855580
-1212974859
-1213393541
-1213685585
-1215286472
-1217024506
-1217296755
-1219074969
-1219694957
-1220206981
-1221355249
-1223048709
-1223498050
-1224102785
-1224824275
-1224838750
-1226098494
-1227384134
-1227740155
-1231141828
-1232311439
-1233081612
-1234171096
-1235247746
-1235645541
-1236716440
-1238612850
-1239530661
-1239546906
-1240684211
-1242794906
-1243190452
-1243209094
-1243486565
-1243804683
-1245332022
-1245347508
-1247213485
-1247502144
-1247591787
-1250475492
-1250613434
-1251272915
-1251954881
-1252633020
-1253482470
-1256403171
-1259710842
-1263039394
-1263277682
-1265368667
-1266070475
-1267961388
-1268296356
-1270345437
-1273333375
-1273731773
-1274371369
-1277244695
-1277771409
-1279525353
-1281395498
-1282425742
-1283535493
-1285237729
-1287438226
-1287562278
-1288179011
-1288978095
-1289100356
-1291775370
-1295143953
-1296018912
-1296649017
-1298248626
-1300439950
-1300819428
-1304175398
-1305406629
-1305694249
-1307388035
-1307530570
-1308927438
-1309196463
-1312889227
-1315456791
-1319060118
-1320951080
-1321187552
-1322102284
-1324004627
-1324469794
-1327005645
-1327441689
-1329771118
-1331240823
-1333071778
-1335505924
-1336000145
-1340322233
-1341320906
-1343002166
-1345655952
-1345971165
-1347348678
-1347382381
-1348643336
-1348992789
-1350813385
-1353240336
-1353884612
-1354039528
-1356760883
-1357234706
-1359085038
-1362825922
-1364339428
-1366090900
-1367006976
-1367052937
-1368924188
-1373137220
-1374370835
-1375754359
-1377064228
-1377341024
-1380868714
-1382509444
-1386940850
-1387211785
-1388310039
-1388924764
-1389314178
-1390254528
-1392183832
-1393621318
-1394992262
-1395001946
-1395499571
-1396305587
-1397138052
-1397616492
-1398150402
-1399094742
-1401615716
-1402416285
-1402809417
-1405028992
-1418668670
-1418844621
-1419100834
-1420072911
-1420592541
-1421891563
-1424199736
-1425073928
-1425735220
-1425775205
-1426867233
-1427229544
-1429025615
-1430855333
-1431143573
-1433537804
-1434633075
-1435802926
-1438708027
-1438907012
-1441480756
-1443428574
-1443469320
-1443706174
-1447821557
-1448206983
-1450889157
-1451437499
-1454378418
-1454569139
-1454998168
-1455350662
-1456192241
-1457140178
-1458245848
-1458648483
-1459889434
-1462899353
-1462955877
-1463214506
-1463406794
-1465503113
-1465797176
-1465985940
-1474332095
-1477337949
-1478126145
-1480548683
-1482939120
-1483564770
-1483733305
-1484928157
-1487561368
-1490146972
-1491234047
-1493413695
-1493607494
-1496044156
-1497905957
-1499108294
-1499350596
-1501918472
-1502482545
-1502679439
-1503884951
-1504877303
-1505743351
-1506697489
-1507075430
-1507717393
-1509690316
-1509892534
-1510354488
-1512039836
-1512094192
-1513226175
-1513401842
-1517700013
-1518398362
-1518765896
-1519401398
-1520844523
-1522366075
-1522898463
-1522916883
-1523601408
-1525088605
-1525581567
-1526386210
-1528464522
-1529074914
-1529617320
-1530644235
-1533012744
-1533071349
-1535746878
-1537352551
-1541738810
-1542011988
-1542319638
-1544689598
-1545502824
-1545968501
-1548176606
-1551831452
-1552286127
-1552458338
-1558173497
-1558175376
-1563487411
-1563680577
-1564833987
-1566683834
-1568345352
-1569748934
-1570566397
-1571730181
-1571867509
-1571949523
-1572609188
-1573527196
-1574880547
-1576062020
-1578593458
-1584421122
-1586268882
-1589493992
-1592851746
-1593482699
-1595831479
-1596387590
-1596537943
-1597493691
-1598951231
-1599421883
-1599981310
-1603023434
-1604607707
-1610545105
-1610964699
-1611326419
-1611685925
-1611743681
-1611972039
-1613600494
-1613664187
-1614494881
-1614636743
-1615469296
-1617798156
-1619408534
-1622125772
-1625254350
-1625362238
-1627488478
-1627930927
-1628764830
-1629723622
-1630027873
-1632818974
-1633559293
-1634316473
-1635415344
-1635518195
-1637408603
-1638263532
-1638916391
-1639930908
-1641276876
-1655175920
-1657207008
-1658759843
-1660409147
-1665051392
-1666049084
-1666236456
-1669069681
-1675009960
-1675890275
-1677065874
-1678116221
-1678529858
-1680974545
-1681399758
-1682425378
-1684862336
-1685017761
-1686560165
-1687637979
-1690467827
-1691262512
-1692237105
-1692248264
-1694903665
-1695074991
-1695210208
-1695252506
-1696672325
-1697696782
-1699142411
-1701796966
-1706093648
-1706801122
-1706965852
-1707773433
-1708596313
-1708997564
-1711966772
-1712141919
-1712485877
-1713088648
-1714024977
-1714757334
-1714797358
-1714903402
-1716421182
-1718761932
-1724287151
-1725047262
-1725269351
-1725401658
-1728550345
-1729011300
-1730856015
-1735452286
-1737828156
-1740770308
-1741346957
-1742259346
-1742614639
-1742924004
-1745075861
-1745167767
-1745967173
-1746089447
-1747428858
-1750321071
-1758339648
-1759305514
-1759399330
-1763121335
-1764963516
-1765059765
-1765770417
-1767704409
-1773187748
-1776139570
-1776402669
-1778357316
-1780019786
-1782173795
-1782233919
-1783128204
-1789021047
-1789554213
-1789642867
-1790925286
-1796839985
-1797099987
-1797780547
-1798615130
-1799093110
-1799671122
-1803317496
-1805877615
-1806413406
-1806572268
-1806833650
-1808627351
-1809089869
-1809755217
-1810129639
-1811626296
-1812057154
-1812518296
-1813446940
-1814070507
-1814661636
-1814781421
-1815550206
-1816121431
-1816577937
-1818858555
-1822973850
-1825179659
-1826183273
-1826299739
-1827670798
-1827756547
-1831320103
-1834201604
-1835084422
-1835748918
-1837648024
-1838787542
-1840772570
-1842202053
-1846149082
-1847318221
-1848830453
-1848973260
-1853342015
-1853442199
-1854240114
-1855457320
-1855823652
-1857019987
-1857289770
-1859476469
-1863651571
-1868614801
-1869646633
-1870127450
-1871798536
-1875061869
-1875487168
-1876060862
-1876190546
-1878525879
-1878826922
-1881661818
-1883335758
-1883836444
-1886578901
-1887190425
-1887948253
-1888826821
-1892951646
-1893110361
-1894013266
-1897519928
-1899921505
-1900330958
-1900570100
-1900655510
-1902114896
-1903345462
-1903383080
-1903987577
-1904745271
-1908262395
-1910142133
-1911457778
-1911531378
-1912203142
-1913338957
-1913994292
-1917230660
-1920321474
-1921180560
-1921246475
-1923807922
-1923811603
-1924203279
-1925678765
-1926790182
-1929360773
-1929920529
-1930022055
-1933509249
-1933724047
-1936686329
-1940146144
-1942686741
-1942916094
-1944067211
-1946051101
-1948608631
-1949685987
-1950251121
-1952164881
-1952307085
-1952394512
-1955899764
-1956632810
-1956989433
-1958981142
-1960573332
-1962167430
-1963774320
-1966193461
-1966434845
-1967933908
-1968081594
-1968158233
-1972816891
-1973058968
-1975778930
-1977209618
-1977873484
-1979036633
-1979157792
-1980119997
-1983216013
-1985383477
-1987609849
-1987651165
-1988303900
-1989116727
-1990703450
-1991350141
-1993916581
-1996853469
-1998277062
-2001452229
-2002731570
-2002790405
-2003709855
-2003937755
-2005221850
-2007536977
-2007887059
-2014045008
-2015323390
-2016391727
-2016701685
-2019500967
-2019863025
-2020511028
-2021820716
-2025289137
-2025429703
-2025458433
-2025524992
-2026325495
-2026518930
-2027641314
-2028523343
-2028593612
-2028948722
-2029773601
-2031691938
-2033370958
-2035743719
-2036712338
-2038631867
-2043582028
-2043645172
-2044099544
-2044144911
-2045520015
-2047141254
-2047944187
-2047956657
-2048704013
-2049801949
-2050436602
-2051356926
-2051699861
-2053623685
-2056511782
-2057504666
-2058389253
-2059470486
-2060410435
-2063818547
-2063966845
-2064407185
-2064442446
-2066427452
-2066976562
-2068182762
-2069658693
-2070149853
-2074833064
-2076432338
-2076653231
-2078806796
-2082631040
-2083131134
-2084116792
-2086089834
-2086405933
-2087540785
-2087614951
-2088825564
-2088894336
-2089081518
-2091126087
-2091497205
-2091549118
-2093132763
-2093924592
-2096245366
-2097059569
-2098756703
-2098801446
-2099086031
-2101540833
-2101937948
-2102103239
-2102754118
-2104720064
-2104951609
-2105909083
-2106497048
-2108827610
-2111089014
-2111444025
-2111584999
-2114109544
-2114639402
-2115460114
-2116591829
-2117689708
-2119210304
-2121552583
-2122491293
-2122715869
-2122827186
-2122849908
-2129163437
-2129681892
-2130903780
-2130925983
-2131066159
-2131289263
-2135581512
-2135752643
-2136906257
-2138103109
-2139103617
-2140476149
-2143107041
-2144047406
-2144503838
-2145114323
-2145177577
