2146337762
2145411382
2145282613
2145180723
2145035955
2144832232
2144285741
2142766309
2142332129
2141782241
2141712885
2140612711
2140604102
2140247589
2140124672
2139973380
2139834711
2139141653
2138959033
2138153066
2136387733
2136329471
2136061843
2135742952
2134957453
2133304380
2132955012
2130919524
2130852700
2130712702
2129940270
2129442199
2129129713
2129005423
2128833768
2127006571
2126584717
2126484047
2126191933
2125669915
2125380006
2125277886
2124544731
2122980627
2121100861
2120950630
2120793897
2120748082
2119496054
2119402301
2118643042
2118554599
2118341894
2116590623
2116260203
2115674737
2115579188
2114753409
2112826978
2111239858
2110778384
2110477368
2110290765
2108968888
2108574715
2105826162
2105656578
2104854802
2104647910
2103855150
2103830589
2103600644
2103097351
2102681218
2102672965
2101955139
2101923275
2100437235
2099459497
2098659219
2098399241
2097966585
2097873764
2097512919
2097166039
2096876610
2096682253
2095936440
2095749253
2095703124
2094756469
2092348864
2087926377
2087753014
2087622284
2087554166
2087532152
2087295672
2086989682
2084571705
2084540615
2084540520
2083267976
2082562206
2079944669
2078642052
2077685721
2077331897
2076988324
2076768045
2076364247
2075108473
2074423023
2074109952
2073838275
2073729448
2073629536
2071093328
2070919223
2067992182
2067642872
2066934589
2066283133
2065339188
2065148373
2062975491
2062973520
2062799308
2061444223
2059993837
2057068749
2056388436
2054959800
2054798178
2054742636
2053865502
2051861059
2051682813
2051339642
2050501016
2050159625
2050047102
2050014275
2049961065
2048786843
2047546151
2047312961
2046800177
2045936414
2042941737
2042372228
2042246410
2041884573
2040627992
2039190689
2038929248
2038434698
2038358367
2037679226
2035270522
2035182405
2034975259
2034895247
2034438287
2033085429
2032358464
2031936380
2030464483
2030347334
2029636950
2029538760
2029053898
2027292855
2026877282
2026161155
2023875238
2022364182
2021178634
2019770080
2019664364
2019112935
2017922175
2017681399
2016847728
2016243051
2015913930
2015132040
2014803077
2014599229
2013835315
2012414272
2011939073
2011581188
2011405133
2011099948
2010135662
2007127510
2006129882
2004165527
2004151170
2004069876
2002730051
2002573490
2002227244
2002206792
2001556029
2000518411
1999024675
1998855539
1998068613
1997768148
1997476187
1997466931
1996536723
1996426632
1996071127
1995986374
1989950772
1989581397
1989534055
1988241219
1988179304
1987215336
1986987867
1986888053
1986737350
1986558743
1986370369
1986259077
1986207318
1983393741
1982546585
1980925262
1980748682
1980484747
1980080609
1979831474
1979743752
1979692795
1978840820
1978449622
1977231611
1977006077
1976954835
1976681972
1975794686
1974611693
1973860398
1973021403
1972461465
1971291554
1970404478
1969622571
1968273243
1967469539
1967401338
1966803459
1966425738
1965645819
1964626905
1964088483
1963780949
1962462963
1962118427
1961591154
1961426337
1961304313
1961108065
1961092230
1960875939
1960657852
1960442578
1957834591
1957088417
1956928810
1955477927
1954570825
1954149734
1952415640
1951884164
1951172542
1950405919
1950364586
1948106092
1947496639
1947238146
1947020821
1945906087
1945449893
1944969012
1944831898
1944701103
1944517768
1944135741
1943255078
1942947413
1942197396
1941055416
1941038827
1941027079
1938191542
1937584122
1937200857
1936792275
1936091389
1935983399
1935438316
1935411433
1935222540
1934957759
1934205345
1931956073
1931423340
1931322555
1931208078
1930881124
1930205896
1929527286
1929499099
1929005857
1928944136
1927614243
1926973592
1926352962
1926290192
1926111596
1925443732
1925123071
1924721083
1923886458
1922800444
1922392530
1922353066
1921589868
1920028198
1919279777
1919187611
1918685156
1917125575
1916627410
1916114594
1915149648
1914108358
1914041659
1913880898
1913669028
1913506736
1913155520
1913109165
1912043701
1911872213
1911128483
1908682426
1908554786
1907957992
1907312199
1906910733
1906460396
1906135053
1904928924
1904906925
1903868617
1903647097
1903160353
1902105552
1902049314
1900804437
1899766371
1898790997
1898701436
1897808493
1897632417
1897019165
1896707756
1895071376
1894825911
1894344134
1893799400
1892975338
1891654823
1891596577
1890722494
1890081230
1888216081
1883571600
1882947020
1882472719
1882398121
1882201593
1881918869
1880746643
1880572136
1880250942
1879579212
1878399119
1877550071
1877045722
1876096331
1875195100
1874489758
1870495313
1869205881
1869110726
1869064737
1865855820
1863364472
1863304926
1862543077
1862366817
1861179976
1860668892
1860601722
1860477079
1858846055
1858760299
1857631364
1854814399
1854122061
1853759193
1852531651
1851526188
1850911104
1850413621
1849733549
1848913968
1848409607
1847589958
1846875324
1846720860
1846336563
1846213913
1845364908
1844797417
1844433865
1843894063
1843679908
1843436204
1842524035
1842148895
1841577874
1840530652
1840295365
1839825670
1839508616
1839193651
1838732253
1838645821
1838142625
1836863407
1836570820
1834686154
1832140621
1832069957
1831391135
1831116551
1830707252
1830371204
1828892150
1828751115
1828695920
1828006193
1827189249
1826571717
1825892186
1825340018
1824680334
1824094453
1823199346
1823164777
1822158501
1820718216
1819128411
1819110520
1817787276
1813736104
1813458080
1813293234
1812288901
1812187562
1811346681
1810839656
1810302129
1809938204
1808384405
1808012450
1807521275
1806395951
1803641886
1803220613
1800440548
1800409230
1800396267
1799361587
1799267515
1798112914
1796577937
1796475001
1796241399
1795635739
1795080363
1795056088
1794949118
1794224222
1792061921
1791007136
1790849494
1790797635
1789981924
1789507993
1788555872
1788540380
1788204853
1787205416
1786831418
1786819584
1786416035
1786284722
1785829688
1785618819
1785408958
1785400349
1783900991
1783337724
1781390126
1781080583
1780802508
1780149040
1779861455
1779472860
1778904385
1778064565
1777951194
1777917986
1777323930
1777308015
1777259034
1776044963
1775485898
1775231742
1774294080
1771422616
1771270577
1771051058
1770979290
1769327889
1769191601
1768954938
1766423879
1765677956
1765514948
1765483958
1765367498
1765015682
1764823259
1764515101
1764380374
1761902904
1761353029
1761089360
1760232608
1759995921
1757987671
1757129585
1756571912
1756283630
1755765040
1754497903
1754173361
1753527017
1753109164
1751808564
1751592089
1751148157
1751121659
1750688388
1749652073
1748597783
1748233575
1744999389
1744183577
1743280123
1741412892
1741194517
1740145362
1739928703
1739417964
1738222016
1737513896
1736529430
1736355892
1735193004
1734827231
1734202173
1732319104
1732208419
1731597348
1731164541
1729899874
1729577007
1729268967
1728871892
1727903102
1727848717
1726933674
1726372844
1726082781
1725740479
1723691918
1722097234
1721172582
1720904906
1720083110
1719667464
1719656019
1719408137
1718170365
1717518310
1716398437
1715990012
1715008887
1714894018
1713818453
1713717464
1711643848
1710923004
1710565435
1708332010
1708325111
1708151746
1707943082
1707874177
1707548039
1706876183
1706090226
1705839052
1705576882
1703210721
1702570535
1701937983
1701503734
1698084590
1697852892
1697795270
1697515911
1696598410
1696371655
1696306296
1695174533
1694712552
1694027406
1694026873
1693751012
1693356290
1692456186
1691426240
1689084836
1689068791
1685911376
1684916519
1684912162
1683605152
1682523461
1682327279
1682159366
1681088934
1680333813
1680190124
1679706057
1678974920
1678016389
1677536791
1676898565
1676828821
1676784399
1676162238
1675886542
1674550692
1674183570
1673576445
1673217612
1671492104
1671310471
1667705250
1666409937
1666300372
1666155508
1665122870
1664022794
1664019612
1663721950
1663595175
1663359578
1662337250
1661473990
1661163538
1660976487
1660261187
1658670489
1658173153
1657763679
1656924325
1656723235
1656281096
1655302315
1654086639
1654003606
1653640530
1651705434
1651562967
1651153154
1649955495
1649071218
1648483889
1648335869
1647724937
1646667733
1644738573
1644569940
1643644619
1642759872
1642567751
1640950408
1639800209
1638099261
1637958377
1636469662
1635761417
1634932749
1634114941
1631810134
1631474363
1630724656
1630373307
1629833759
1629149110
1627552959
1627381425
1626578987
1626199772
1623927778
1623870783
1623632275
1623578184
1622682215
1622182703
1621815565
1620680873
1620384155
1619824849
1619566997
1616926614
1615803106
1614909493
1614122338
1613692116
1613682109
1613030405
1612926435
1612921799
1612065230
1611908575
1611669701
1610921005
1610551157
1610463053
1610057925
1609801072
1609282530
1608884765
1608379541
1608065791
1608027093
1606822528
1606682038
1606628368
1606621605
1605923269
1605508185
1605397253
1604290902
1603783819
1603750849
1603569490
1603148239
1601719323
1601470056
1600386634
1598641535
1598615209
1597428278
1596524814
1595735781
1592640583
1592306150
1592051240
1589471075
1589103790
1588566891
1588031021
1587964300
1587395442
1587297849
1584734250
1581546562
1580772676
1580313217
1579397111
1578992844
1578182417
1574234988
1574059035
1572325308
1570811327
1570290082
1569580001
1569193005
1568526818
1568344034
1565593228
1565329359
1563172224
1562820260
1562235272
1560334173
1560227188
1559427958
1558922527
1558777106
1558271435
1558268180
1555993510
1554155795
1553342067
1552072063
1549840902
1548495255
1546166612
1545893256
1543201849
1541424248
1539822057
1539720082
1538392539
1538385495
1538271008
1537725580
1536868130
1536768856
1535916543
1535183529
1534991043
1534680526
1533731662
1533508773
1533104154
1532728690
1531963563
1531788633
1531425222
1530634285
1530306827
1529762749
1527824572
1527672591
1527274280
1527009404
1526944880
1525383341
1525245908
1524921106
1524779746
1524003943
1523979664
1522948630
1522666153
1522259626
1521997594
1520629684
1518506082
1518453147
1517562005
1517103742
1516703378
1516658819
1516649537
1515604567
1514630728
1513302293
1513079008
1512263334
1510673869
1509779394
1509170810
1509002185
1508347063
1507681094
1507359871
1504603446
1501508211
1499064403
1498387316
1497571901
1497231815
1495483056
1495473479
1495394351
1495394210
1495345607
1495141963
1495131051
1492539475
1491804322
1491181764
1490412112
1488388119
1488047622
1487483680
1487406904
1487175401
1486495139
1485942181
1485665754
1484917521
1484828579
1484646857
1483917106
1483681160
1482997037
1480036361
1476888922
1475739204
1475637668
1473592123
1473488403
1472573980
1472570871
1472545108
1472089721
1471124501
1470264101
1469526804
1468403764
1467921822
1467799033
1466744790
1466617640
1465814490
1464984913
1464569045
1463224760
1462812510
1461950118
1461769382
1460372660
1459935277
1459408657
1458755273
1458483827
1457857491
1455572404
1454844646
1454740469
1454336763
1453951360
1453721416
1452599903
1452281597
1450910410
1450502435
1449712714
1449364552
1448856654
1448481917
1447704973
1447079978
1446726750
1444125065
1443705305
1443623984
1443538554
1440555325
1440378695
1440212644
1439637447
1439186791
1437372377
1437169515
1437012370
1436384098
1436152719
1435696135
1435112998
1434375880
1431967316
1431261538
1430495101
1430334648
1430153904
1429894336
1429704221
1428084541
1427364497
1426202673
1423441722
1422086262
1421376872
1421308076
1419847571
1419633816
1417668722
1416375513
1415177141
1414460201
1413876870
1413630886
1413487162
1412760625
1412668562
1412537527
1409673738
1408941333
1407153083
1406539242
1406305643
1405540212
1405412773
1405254081
1405168027
1404976990
1403653920
1401586913
1399613282
1399368970
1399066842
1398453531
1397820382
1397225726
1397117618
1396634375
1396105133
1395951422
1395883668
1391516413
1390961809
1390874896
1390868847
1390717181
1390504590
1390158023
1390116944
1388914616
1388609193
1388380729
1388218405
1385695344
1385521978
1385468995
1384520587
1384031925
1383835700
1383372678
1382689882
1382645295
1381756377
1381422509
1380500213
1379534932
1379475782
1377563389
1376530440
1375611183
1374984480
1374786220
1374760341
1374652150
1374533634
1373688715
1373056931
1373004202
1371807947
1371123890
1371032475
1369443508
1369436120
1368545655
1368469587
1367339551
1366618839
1365798828
1365620291
1365502294
1365175755
1364444798
1364279707
1363223311
1362912370
1362695286
1362518976
1360689778
1357514467
1356515009
1356386835
1355480350
1353663409
1352314675
1351053326
1350612073
1347906261
1347767594
1347169014
1347123879
1346424010
1345507635
1344996440
1344208078
1344203967
1343769128
1343162876
1343142731
1342847523
1338773696
1338131737
1337718239
1336777881
1336302314
1332608975
1332046542
1332032714
1331658005
1331344713
1330436112
1327737427
1327439053
1327145803
1327073700
1326848724
1326045224
1324789765
1324788740
1324548449
1324322336
1323770733
1320051828
1319532857
1319462510
1319323353
1318354522
1318187119
1317159180
1316860235
1315991693
1315671509
1315612856
1315581557
1313202524
1311909398
1309593918
1309270158
1308486813
1308355818
1307911165
1307669480
1307418159
1307122221
1306767201
1305902927
1305785055
1305181037
1305131284
1304380290
1301665143
1300917009
1300853185
1300002470
1299874987
1299377195
1298861847
1298799264
1298738863
1298480648
1297247399
1297232753
1297028084
1296965216
1296821344
1296345850
1295239390
1294923223
1294611945
1292839562
1292792681
1292255693
1291694912
1291363262
1291291543
1290553263
1288230294
1287496666
1284500891
1282504908
1282496716
1282270491
1281503456
1281380522
1280351193
1280088723
1279992882
1279629396
1279224331
1279101420
1279097315
1278448591
1278414203
1277796805
1276820983
1276731376
1275482539
1273327603
1271943896
1271311340
1271026419
1270509774
1268168142
1268085364
1267147905
1266915731
1265877833
1265698437
1264205650
1263054039
1262741002
1262650223
1262294916
1261869809
1261787335
1261598889
1261435083
1261073302
1260942780
1260484013
1260078495
1259585716
1259552625
1259548725
1259064532
1257952667
1257466017
1257429855
1257105976
1257087448
1257002536
1256869121
1256863221
1256842334
1256704163
1256606553
1256548496
1255801223
1255064150
1254245962
1253720630
1253690774
1253378187
1252903808
1251829996
1251379878
1251007090
1250765295
1250515661
1249157096
1248546543
1246058983
1245612772
1245208395
1244614567
1244359974
1243772206
1242852417
1242570494
1242284098
1242080072
1241459446
1241407569
1239235537
1237969471
1237461379
1237437767
1237301074
1236753772
1235135237
1234702801
1233866729
1231946551
1230515448
1230149734
1228479821
1227614036
1226255639
1225557734
1225296556
1224866646
1224637162
1223984844
1223378165
1223060634
1222416476
1222302182
1221898893
1220764310
1219154406
1218533053
1218451472
1217490616
1217171447
1217129299
1216228419
1215738648
1214021438
1213839278
1212903309
1212698048
1212181018
1211345624
1211076666
1209202770
1208237309
1207456837
1206535266
1203931572
1203507306
1203336192
1203302350
1202966114
1202872105
1202692511
1201974826
1201404060
1199359234
1196626869
1196266711
1196234321
1195421521
1194599310
1194229388
1193623874
1193384292
1192969357
1192462701
1192012150
1190942344
1189612312
1188047905
1187481649
1187142749
1186974441
1186303462
1186173581
1186123006
1185489368
1185422557
1184541134
1184264200
1183503980
1182637083
1181932260
1181896025
1181880024
1181296806
1180921993
1179598182
1179410998
1179177650
1175922536
1175838521
1174812371
1174777823
1173614493
1173315977
1171174575
1169786758
1169334949
1167951853
1166815247
1166309128
1165443932
1165433237
1164025738
1162550094
1161844108
1161554565
1161140389
1159122698
1157848163
1157148841
1155458672
1154561103
1154199445
1154166514
1153926027
1153871110
1153022600
1152392211
1151165879
1150770047
1150765411
1150368924
1148325479
1147834060
1147091986
1146973626
1146719126
1146349769
1145968018
1145031562
1144785422
1144102160
1144000337
1143482169
1141976901
1141388129
1140448391
1139219710
1139175634
1138063912
1136399679
1134808876
1134734380
1133078677
1132198712
1131342512
1130966152
1129441594
1129312127
1128656169
1128527776
1127435726
1125856004
1125202172
1124736681
1123836165
1123648683
1123490518
1123443507
1123142068
1122756976
1122248513
1120721176
1120665637
1120512186
1116288359
1115612174
1115385323
1115251733
1113834445
1113239832
1113150329
1112081564
1111332386
1110623296
1110104776
1110053369
1109810951
1109452087
1108827485
1108625890
1107969137
1107952347
1105048131
1104595993
1104439056
1102073063
1101974855
1101792982
1101453184
1101430525
1100718104
1099683613
1098545466
1098449052
1098425436
1098413221
1097845102
1096055008
1096018118
1095090073
1095068715
1094484635
1093189807
1093132438
1092605629
1091843633
1091721222
1090604873
1090304300
1089340544
1088102780
1087833155
1087764158
1087537475
1086596433
1086415155
1085818633
1085433936
1085052425
1085049812
1084964370
1083441069
1083103896
1082324066
1081584242
1080875572
1080366445
1079728589
1079670517
1079425347
1079342088
1078551284
1078297927
1077409609
1076885229
1075728472
1075688012
1075641363
1075390315
1074944191
1074243239
1073527579
1072967392
1071401318
1071349749
1070677031
1070228902
1070084307
1070058665
1069152595
1068700314
1068328822
1065942564
1065435538
1065172298
1064535795
1064003044
1063924852
1062891263
1062103156
1060972944
1060937554
1059936328
1059072413
1058443227
1057751601
1057678553
1057277069
1055903063
1055732723
1055557338
1054605204
1052454844
1051606700
1051299634
1050685578
1050276287
1049511005
1049486573
1049271047
1048596160
1048438287
1046898725
1046725519
1046694748
1046273347
1045301338
1044529344
1043977451
1043765219
1043020711
1042110291
1041912776
1041844866
1040802883
1040418633
1040382180
1040316807
1039590399
1039547168
1039237585
1037964812
1037218332
1036562982
1035716620
1035282211
1034158369
1033873393
1033850194
1033339355
1032152135
1031271255
1031183204
1030701597
1029608414
1029565183
1028747105
1027538232
1026366569
1026287322
1024755441
1024738011
1021866473
1020780631
1020588840
1019136506
1016845246
1016696547
1016182235
1015671997
1015520976
1013807668
1013568066
1010908507
1010102500
1010010674
1007939609
1007383204
1006603260
1004895441
1003478747
1001457864
1000633741
1000469971
999336680
998792639
998514769
997089852
996003540
995955481
995804022
995753654
994489447
993171062
993160269
992395977
992332815
991230250
990781809
990218182
990066009
988790307
987028712
985970370
985111398
983575164
983536642
982922018
982859929
982798924
982758279
982441337
980091680
977914761
976004979
974486673
974415694
974293374
972961310
971828764
971601646
971302315
970155680
969537065
968918159
968804424
968647353
968401671
968181221
967446693
965687823
965291575
965117942
964976234
963788005
963047081
962901701
960928892
960564246
959627492
959423764
958736147
958439492
957852916
956563949
956360654
955857198
954129837
954026737
952945453
952452519
952267982
951840840
951727047
950418971
949945698
948646149
947953340
947800486
947590271
947196475
946960875
946438959
945745183
945493025
945212897
944776629
944617236
944209515
943475760
943264657
941849828
940807023
939648570
937221882
937121941
936256517
934465081
934409202
933023774
932786890
932297863
932034765
931816031
930759343
929028974
928822365
928593591
928247754
928147103
927577861
927050457
926260268
925880874
925071110
924946852
924846617
924477171
923746476
923453992
923432642
923125906
922467287
922109638
921586724
920838256
920775679
918456727
917739192
916690468
914532004
914227456
913626449
913380249
912674547
912390420
912271395
912123648
911245444
910822928
910296169
909924929
909311523
907814818
907742967
906964376
906887638
906112564
906000329
905509805
904120386
902643080
902255319
902180062
901669056
900892396
900619672
898547064
898411279
897650631
896367912
895665592
894970318
894602953
894550473
894056504
893504158
888411506
888304301
885824260
885167226
883711459
883462929
882380418
882325981
881843670
881759488
880616709
880227406
879132980
878968005
877864261
875711810
875444485
874625213
874335170
874076941
872014950
871449791
871414783
871073971
870931728
870354577
869766222
866120662
865452539
864086010
863117103
861995698
861957006
861780476
860975385
860327998
857992740
857986980
857861292
857534908
854589714
854179572
854011186
852856670
852536715
850574532
850016075
848918217
847527820
847350501
847223287
846866876
846659427
844840147
843906266
842387501
842034192
841534732
840628360
840205360
838873922
838597588
838513298
838166856
837908187
837486099
836291665
836287833
834916753
833389158
831522695
831080825
829582942
829038224
828246814
825489068
825172180
823887252
823470961
823083687
823051077
822901103
822693216
822540897
821073453
820420410
820309228
819987256
819762164
819510637
819406225
819363787
818644927
818515886
818400158
817654588
817510567
817321111
817031665
815413833
815273417
814827156
814516307
813763027
813211625
812726559
811963170
810451449
809763181
809248475
808515222
808477804
808359360
808132583
807685835
806969210
805265070
805151654
804839991
803830985
801883141
801323530
800241106
800159822
798948120
798545609
798378661
797999018
797588536
796991336
796673075
796208049
795252603
794881733
794593577
794309915
793873576
793536841
792732338
790871851
789522039
788872983
787435147
786978508
786033911
785878534
785700391
785450991
783425900
783019053
782824485
782684768
782090132
781644541
780625469
779971537
779780971
778989071
778975178
778886759
778585227
778557358
777860129
777381876
776082627
775975600
775147384
775101115
774751061
774631430
773459670
770708043
770706241
770419984
769727779
765419959
765328761
765075397
764290772
764145910
764046210
763736173
763693293
762769307
762257684
761796424
761628367
760501715
760361594
759994856
759283878
755078564
754272368
753864253
753319047
753311018
753274209
752754359
752569454
752328749
751907916
746907729
746780777
746709504
745054799
744879180
744584811
744472352
743639833
743400336
743097715
742140381
741979363
741800781
741219361
740899573
739842016
739630310
739199605
738652311
734523655
734339950
733599276
732298153
731178139
730965023
730483618
730153851
729879054
729528707
729441769
729429324
728019992
727803841
727183424
725228249
725167915
724999861
723816427
722210162
721777055
721686835
719277284
718998952
718970115
718804334
717777498
717712002
717571207
715076091
714942123
712471076
711314772
710830500
709473514
708213709
705919712
703310753
702430544
702214724
700575282
699633681
699102890
699030339
698794094
697529705
697283142
697192025
696834208
695515175
694644426
694281476
693990393
693635965
693545766
692659169
690881969
690358205
690302965
687780839
686833532
686294635
686247264
685707560
685496434
684362395
682759586
682236689
681702106
681085005
680097653
679310599
679096007
678490759
677975440
677200859
677155705
676745376
675917794
675680476
674549218
674402991
674189139
673696484
673298407
673072845
672687441
669821289
667909934
667263808
666686160
666042229
665665241
665197693
664690574
663878808
661934465
661783963
660377143
658924118
658748169
658699874
658058177
657984014
657881955
656744428
656123828
652284150
651477309
651414277
650328279
648680346
648367796
648111488
647376990
647320543
646871715
646235406
645539408
644528069
644056848
643709831
643689230
643408896
641949462
641777312
641708613
640862378
640650171
640365097
639561788
637933473
636944741
635606567
634994200
634003000
633801900
633678130
630945172
630854624
630468592
629553989
628887170
628673444
626692473
625247488
624256245
623885108
623088196
622468098
621926863
621903280
621003941
620857075
620547235
620510607
617182441
612103456
611834780
611831880
611686955
611457059
610234415
610205353
607986430
607886604
604927843
602976385
601765188
601443731
601288705
600359132
600220414
599465336
598317960
596643189
596490936
595909550
593487964
593050085
591713354
591657191
591156922
591095576
590798705
590761293
590130463
588685553
586799763
586759894
586695438
586312449
585748637
585180680
584974264
584272491
582507973
582387170
582069597
581716928
579692061
579208248
578814301
578681592
577924222
576466411
576395670
575655880
575199139
574434261
573296334
572898359
572762875
569975105
569803601
569567804
568484105
566371332
564675781
562737785
562670681
562391818
562020546
559685575
559420214
558834226
558684215
557617059
557304011
557132427
555423431
554730944
554297594
554052069
551614798
550912370
549244567
548211234
547439690
547351771
547333722
546458007
546193436
545958563
545725374
544395019
542375583
541945507
541812506
541745462
541052529
540826379
540387244
539854665
538532298
538218819
538126392
537906392
537686888
536922355
536385606
535539491
534820495
534065355
533813284
533254373
532908982
532172530
531003241
529382191
526436107
525918751
524941434
523744670
523389246
522928891
522797691
521622070
520544130
519946974
519878096
519118884
516060825
515795877
513140424
512422283
511515267
511406740
509410722
508887839
508332923
507530358
507462577
507301346
507066272
506318188
505873389
505685536
504641746
504114209
501448168
501418466
501387323
500123134
500042324
498895417
498823628
498322129
498087619
497896997
497439067
495947749
495708705
494778970
494738492
494066115
493939517
493061608
492594288
492592074
491800930
490698216
490497346
489820798
489739433
488926082
488882094
488144970
487472468
487043635
486090339
484610171
483571695
483552775
483345765
483133354
482834942
482495218
480854864
480472965
480281455
479822543
479158177
478681370
476657106
476653936
476338662
473983482
472707431
472037344
471783884
470545077
470454547
469641467
469437261
468402504
468390607
467177380
466813627
466271956
465810688
465731928
465641836
464392472
464138785
463821965
461155275
460777591
460256109
460222061
459547771
459067560
458612114
457169160
456867735
456262999
455407563
455274991
454868285
454625070
453801202
453264816
452194471
451591590
451559088
450764817
450660759
450458164
450456274
449927045
449881204
449100372
447803707
446366540
445125210
444591838
444437369
442662590
442366314
441552534
441161915
437988756
437967740
437371283
435823473
434946677
434864382
434379963
434359107
433412000
433174353
430736766
429325179
429141475
428842649
428441633
428284180
426808452
426514373
426383274
424868718
424573787
424462956
424250681
423770776
423676140
423393658
423335474
422114750
422006612
421475040
421014735
420620195
420528226
419218490
419124218
417882814
413388455
413211921
412910465
412790520
411348812
411156658
410366512
408151101
407132737
406382781
404827154
404151055
403412950
403231709
403108191
402813321
402303770
402035620
402028515
401675877
401101213
399653501
399229353
398870627
398799056
398155683
396991032
396983775
396858986
396219836
395893404
394948872
393692141
392230854
390731858
389960624
389512365
389417070
389079337
388410506
388027958
387485818
386400108
385082510
385005766
383773448
383541705
382621346
382222070
382000515
381949956
380765644
380273175
379844074
379553028
378674141
378523554
376986724
374954938
374211596
373875350
372764978
372446649
370728849
370314170
369657501
369071605
368984520
368979433
367860590
367321741
367313817
367029024
366575423
366090680
365243093
365177797
365130322
364864896
364494888
363900323
362216199
361343196
360879119
360751061
359882603
358067548
357485379
357003015
356499786
356401021
355596642
353646067
353480017
352063745
350726303
349690858
346786204
346613421
342162720
341319205
341222533
337838289
337745103
337682218
336162896
333112658
333046640
332628856
331058401
330413199
329910407
329383214
329130644
328307764
328276656
328184674
327710435
325950988
324929728
323108143
323033942
322824520
322336360
321766152
321720534
321443358
318574682
318494764
318261909
317680238
316869115
315754889
315589279
315487911
314635763
313424914
312498073
312106141
311927756
311530722
311018480
309860472
309490478
308905813
307954995
307594348
306921327
306764450
305398552
304987521
304742872
304365796
304088506
303656527
303432803
301829081
301030001
300831374
300623179
299094494
299062976
298273353
297710958
295781123
295392125
295320687
295010602
294510953
293268951
291458602
290203933
289418560
288795112
287440889
286866634
286635654
285754096
285506707
285350409
283364885
282532022
282525249
281409040
280968536
280324546
279193837
274918766
274546029
273951930
273702467
273466572
272200187
270213929
269235433
267876128
267484808
267394012
266823737
266318735
266267408
266032863
265592389
263903586
263716353
263609761
263556194
263448604
261818092
261811864
261261463
261101917
260667161
259490669
259324971
258643754
256565836
256475469
256357059
255084793
254281715
252973887
252681122
252565230
251938834
250999925
250732218
249969576
249775291
249398447
248593367
248558395
247809739
247731651
247575919
246850105
246821326
246719431
246221040
245443621
245406444
244377049
242138785
241182231
241029982
241022211
240717968
240449622
239967342
239888441
239749089
239548476
237890461
237171691
237163031
235880512
233628265
233615794
233196217
230684869
230452002
228533139
228513318
227153453
226039166
224501008
222595266
222290518
221677150
221194686
220892627
220524598
220223673
219188697
217689790
217152454
214703025
214469889
213706915
213307826
213146404
212692131
212618152
211282086
209958362
208307770
205921742
203374311
203067601
201607838
201321685
201138909
199816636
198311461
198274065
197596206
197438219
197336996
197138429
196649660
196362508
196225054
196095339
195851875
195654252
194645941
192983721
192952508
192822187
192735692
191859837
189930009
189643831
189414653
189256783
188805688
187280660
186636201
186077104
182553363
181281740
179956691
179943685
179828638
178311883
177828588
176232000
176059447
174923888
174143735
173782112
173113234
172832994
172757001
171060276
170602196
170395295
169083647
168835658
168504769
168439667
167105080
166819082
165397130
164835323
162706441
161960420
161173029
161036684
160967890
160796130
160512591
158723827
157381812
156619528
155604886
155184154
152983801
151965090
151568250
151200167
150000221
149577490
149005658
148580380
148296959
148049800
147708942
147073282
146266186
145688936
145302439
144658941
143255547
143149457
142993843
141499573
140040067
138771615
138532495
138395773
138108465
137559882
137273630
135549638
135336937
132853806
132161556
131204348
129522593
127854321
126779822
126573792
125711277
123625809
122163606
121986030
120883653
120554181
120225731
120171645
120064166
119891534
118441128
118343114
118191402
118001912
117876702
117763132
117118841
116238510
114935115
114164267
113966488
113317852
112854559
112801205
112372309
112089300
111765453
110079046
109888801
109467239
109419112
109271988
109049196
108385276
107920989
107794323
105750698
104540578
104362518
103590819
103170801
101812834
101598515
100697075
100373848
98094970
97212518
96367826
95979220
94145224
93446457
93270256
93172163
92903066
92420931
92205950
91917204
91818043
91766711
91167889
91041992
90349985
89863260
87376798
86769233
86590608
86585126
86333387
86030758
85293170
84911155
84846034
83934674
83345558
83125579
83075420
82120886
81834632
81727706
81669002
81576748
80162098
79487934
78940356
78693641
78650047
78517530
78320417
77918047
76569827
76470816
76281493
74550482
72489453
69625121
68794684
68739801
68182966
67469177
66631407
66594839
65769229
63737485
63063509
59682758
59554487
59458223
59409799
59234028
58837247
56760715
56183020
56167392
55382412
55152474
54059876
53160668
51374105
51080751
50895642
50801349
49138239
48328887
47790949
47729340
45400312
43699537
42372563
41523226
41257954
40884976
39707501
38181639
36802961
36501796
36229935
36115082
35595455
33380076
33150441
33139319
30970839
30624720
30448360
30415488
29736960
28040239
27166613
27029809
26171600
25064105
24947235
24050041
23509292
22389386
22082722
21724551
20763186
20567072
20468274
20150210
19860067
19153024
19034185
16932949
16777341
15489049
14779211
14219468
13927471
13009561
10994734
9570332
9478826
8098835
4033163
3841500
2918507
2751466
1736360
1338222
465216
341924
-432281
-716791
-2178069
-3003741
-3064789
-3158064
-3595991
-4213940
-5817214
-5989031
-6583644
-7037328
-7453102
-9373665
-9561208
-10472639
-11187721
-11212514
-11856542
-12099028
-12137460
-12201131
-13180291
-13282395
-13984843
-14354094
-14689856
-14848317
-16167833
-16533041
-17189590
-17620336
-17675265
-17699502
-18032292
-19612037
-22139626
-22623064
-23774770
-24189381
-25681268
-25750788
-26752785
-27055188
-27249291
-28450234
-28778729
-28870833
-28915203
-30005008
-30142842
-31171689
-31498576
-33917158
-34619592
-35026391
-35714493
-36202344
-36324341
-38553330
-38782202
-39094358
-39391640
-40321432
-43288621
-44007762
-45696795
-46202224
-47056189
-47099616
-48349140
-48846043
-49778133
-50266281
-50348247
-51341949
-53212335
-53272671
-55122813
-55596158
-56504952
-57880345
-58886639
-59397925
-61320741
-62197733
-62415148
-62571425
-63671471
-64890082
-65704449
-65790740
-66790071
-68591854
-68752944
-69416454
-70472793
-70491372
-72045314
-72494775
-72817422
-73076976
-73527381
-73710804
-74064757
-75084682
-75819344
-76085309
-77120542
-77155156
-77390097
-77711901
-77783825
-78341820
-80007733
-81784980
-83537760
-83612564
-84412538
-85966208
-86834835
-87901256
-88426375
-89000619
-89021009
-89024227
-89773040
-90231342
-90264978
-91850762
-91946261
-92040712
-92342290
-92938793
-95046671
-95088423
-95430981
-95663745
-97302173
-98426838
-98509127
-99522836
-99660553
-99698093
-101379691
-102738450
-102771355
-102832793
-103520640
-104000899
-104363248
-105047934
-105308957
-106072784
-106869157
-107136789
-107248027
-107572468
-107771744
-108852609
-109943374
-110135381
-110343986
-110734882
-113915060
-114455060
-114916086
-116978466
-117282163
-117763206
-118536959
-118640945
-120641314
-120824419
-121069086
-121993611
-123567108
-123648822
-124099289
-125344513
-125431773
-126473081
-126576553
-127209472
-127385966
-127535299
-128883383
-129025596
-129083560
-129618675
-129873062
-130036275
-131746118
-133193968
-133424432
-134715014
-134850798
-136764526
-136885984
-137007403
-139290836
-139760893
-140037882
-140680038
-140904996
-141040118
-141612809
-142345581
-142398046
-142967140
-144542946
-146058858
-146246019
-146340546
-146429003
-147229357
-148780367
-148835706
-149535303
-149609198
-149992442
-150909385
-151320941
-152601441
-153304425
-154098518
-155066629
-155589496
-156161228
-157996357
-158474200
-158688394
-158981869
-161022354
-162215297
-166195790
-168199278
-168878298
-170123103
-170417550
-170903578
-171003997
-171618661
-171663121
-172957412
-172990362
-173114974
-173406926
-174245534
-174589054
-174677208
-174923306
-175375445
-175590608
-175848426
-178330648
-179879251
-180166955
-180330920
-180627276
-180692387
-181190111
-181469775
-182291860
-182684677
-184242667
-184834034
-185067106
-185586613
-186296622
-186797620
-187462268
-188855886
-189106299
-189770199
-190437533
-191814796
-193613147
-193791424
-194161081
-194572144
-195134637
-195525834
-196096506
-198653338
-199149981
-199690853
-201716377
-202410630
-204513280
-204625581
-205264973
-205497103
-206279725
-207988956
-208879662
-210174425
-211002320
-211028313
-211090450
-211901615
-212237054
-212701353
-213698156
-214353556
-216877616
-217158744
-217180690
-217801573
-218750124
-219424553
-220118131
-221208351
-224264506
-224463553
-224926379
-227263108
-227562032
-227920245
-229091606
-230553094
-230702237
-232348209
-233864505
-234350688
-234754909
-236464482
-237660213
-237854088
-238583336
-238638533
-238889999
-240238360
-240874655
-243028051
-243415868
-244509967
-244925958
-249377921
-250472223
-251501944
-251708196
-252239478
-253301020
-253842531
-253860920
-255437431
-258944911
-259297454
-259708126
-259747999
-260412372
-260434773
-261119105
-261486562
-262099923
-262301921
-263773534
-264016904
-264070750
-265104839
-269277516
-269904619
-271105926
-271829561
-273411006
-273722637
-275417395
-275526429
-275571725
-276243065
-277003598
-277729818
-278707768
-280305193
-282264576
-282788562
-283237386
-284059633
-286180376
-286465908
-286764543
-287699548
-287808723
-289047157
-289765735
-289865345
-289894306
-291083218
-291472350
-292106174
-292759332
-295290657
-297731798
-299558250
-300535010
-300980097
-301868724
-302321377
-302385497
-302644816
-302985035
-307079901
-307570106
-307940190
-308094391
-309127016
-309482888
-310561042
-310762045
-310920204
-311474692
-312291236
-312372226
-312723612
-313548786
-313880021
-314761770
-315508924
-315516780
-316359506
-317871259
-317927519
-318272152
-318744768
-319342056
-321583033
-322830228
-323156372
-324075186
-324120469
-324500841
-325677116
-325807124
-326480013
-326523826
-328244886
-328786338
-328930541
-329779668
-330600273
-331929773
-332132279
-332401294
-334537835
-335378878
-337204861
-337828736
-338187736
-339327696
-340623068
-341190004
-342624034
-342763025
-343188262
-343313909
-343410526
-343701668
-344091300
-344314283
-346343081
-347134979
-347617924
-347679012
-351325992
-352307711
-352345162
-353989961
-354553133
-355658490
-356012988
-356150449
-356268627
-356592001
-356936067
-356978464
-357116066
-357338560
-357359377
-357382607
-357626040
-357738734
-357854493
-360275683
-360288126
-360632457
-360640190
-361448091
-361645417
-362256326
-362348420
-363028244
-363150368
-364241495
-365059970
-365259291
-365687264
-366153933
-366393322
-366919882
-367299711
-367841102
-368070161
-368526724
-368816759
-373296769
-373873132
-374411279
-375264507
-375292711
-375444157
-376670282
-376909445
-379562898
-380515767
-380961561
-381438346
-382359643
-385097604
-386308423
-386531360
-386573748
-387165607
-388225712
-388518701
-389556381
-389651157
-389957680
-391294946
-392591887
-392645190
-392745594
-393139151
-393360577
-393736877
-394094472
-394843730
-395873572
-395971073
-398039386
-398415788
-400548925
-401930177
-403679040
-404026782
-404195089
-405467200
-405711492
-406747541
-408855636
-409078087
-412335148
-413455721
-414090362
-414400171
-414692018
-416672256
-417683104
-419047085
-420269136
-420516416
-420893504
-421289758
-421586502
-421964754
-423018315
-424018120
-424477518
-425905618
-425948943
-426254500
-427293280
-428048167
-429067357
-429302185
-429333649
-431764263
-432174045
-432503299
-432947315
-433084215
-433831405
-434156724
-434172168
-434427989
-434428123
-436305831
-436463498
-437008868
-437167674
-438198950
-438963639
-438988781
-439115321
-439564677
-441602493
-441677931
-442665563
-442750996
-442912233
-443714855
-446867263
-447560552
-448877975
-449836265
-450482700
-450587199
-450779012
-450910422
-451230792
-452129553
-453039964
-455069650
-455592931
-456475784
-458601965
-459478001
-459936601
-461527583
-461660249
-462279344
-462901426
-464948279
-465147814
-467453435
-467477555
-469628572
-469857597
-470321661
-470587812
-471022661
-473664961
-474224088
-474926295
-475962130
-475966345
-476790257
-477597184
-477767235
-479387847
-480963735
-481078010
-481453840
-481477211
-482248958
-483002503
-483595177
-483813685
-484813501
-485524904
-485761267
-485823245
-485904655
-487206280
-488132536
-488620514
-488928448
-489099820
-489856299
-493315974
-493536673
-493833609
-493878625
-495614837
-495741158
-496419732
-496465656
-497709984
-498100435
-498261385
-498286315
-499201772
-499770836
-500292035
-502050316
-502858437
-503575952
-504481564
-504675916
-505260634
-505345024
-505856870
-506136926
-506215247
-506301085
-506330211
-509655401
-510449075
-511888218
-513732666
-514728523
-515224948
-515442840
-516319425
-519154681
-521105723
-521618150
-521715815
-521752502
-523127812
-523708732
-524478116
-525493978
-526379201
-526708298
-528604969
-528835933
-528903056
-529297583
-531622769
-532547174
-533600452
-533735671
-534237068
-534441924
-534552055
-534875142
-535448935
-536911694
-537045097
-540068868
-542131816
-543067763
-544967889
-545055887
-545279885
-546854339
-547846932
-548032841
-548190640
-548331748
-549260617
-550395481
-550432964
-552370081
-552816511
-553490177
-553884609
-555188726
-555781599
-556559563
-556992286
-557412725
-558317478
-558511801
-558547423
-559150756
-559193560
-560288105
-560676167
-561144749
-561773114
-564021484
-564300353
-564405997
-565724767
-565776144
-566062080
-566473485
-567475594
-567593878
-569336886
-569641757
-570740781
-571136175
-571502750
-571626703
-571639862
-571811723
-574011667
-574179624
-574543933
-574638714
-577314335
-578270169
-578704992
-580000249
-580246732
-580276067
-580533165
-581404165
-581907116
-582711908
-582935132
-583275133
-584253743
-585213111
-585440497
-585481461
-585531646
-586216917
-586531605
-586728421
-590204388
-590317325
-590488781
-591046039
-591078657
-591542657
-591786578
-591877721
-592329137
-593761042
-594262263
-594916642
-595826071
-596484292
-596498039
-598759312
-599492477
-600085443
-600214873
-600557633
-600746501
-601285709
-601468255
-602365721
-602808812
-605054858
-605615984
-605673313
-606747178
-608476493
-610113882
-610427448
-612175730
-613498179
-614941808
-615034746
-615737547
-615972095
-616651251
-618061546
-618946935
-620211984
-620338673
-620509720
-620706102
-620768849
-620895746
-620955772
-621064656
-621762643
-621981177
-623423421
-625785710
-625882109
-628891211
-629305882
-629497389
-630037910
-630881244
-632032489
-632208823
-632388020
-632553639
-633690014
-633857550
-634324367
-635866656
-636134478
-636345391
-636477287
-637048258
-637612884
-638045733
-638072370
-641156918
-641584399
-642364971
-643087086
-644528826
-645846551
-648856313
-650406509
-651344011
-651634191
-652452032
-652576209
-652611174
-655083309
-655620252
-656634868
-656863675
-657769756
-657771388
-657801222
-657951579
-658761801
-659167284
-659170603
-659355339
-659425327
-660881352
-661341717
-661761194
-661867986
-663409221
-663737772
-664326574
-665280962
-665307078
-665382305
-666471544
-667870125
-667930549
-669208736
-669950299
-670474943
-672267075
-672528400
-673444176
-673991409
-674224494
-674676442
-675478447
-675668241
-676632612
-676816604
-677585595
-678306834
-678348301
-678922855
-679122319
-680014101
-680493728
-681557145
-682683263
-682719573
-683444495
-685186052
-685659395
-686050519
-686185932
-686221662
-688108143
-688715722
-689489543
-689763038
-689807289
-691186611
-691737284
-691950783
-692768496
-693527744
-693985681
-694659807
-695226502
-695339353
-696700638
-696862418
-697497296
-698368471
-699808260
-700090334
-700910505
-700959777
-701834886
-703397381
-703898505
-703967145
-704251720
-705054098
-705196088
-706709013
-707177512
-707714103
-708350012
-708670711
-708770562
-709467079
-710026810
-710224580
-710523940
-710730157
-712225688
-712596051
-712697649
-713076215
-713136141
-713495757
-713737410
-714092973
-715982801
-716362115
-717800670
-718428569
-720211211
-720555946
-720649119
-721583485
-722514598
-722536427
-722612655
-722787712
-723295221
-723426307
-723931019
-724138445
-725004196
-726588815
-729132474
-729348021
-731523930
-732467699
-733513871
-733843378
-736335737
-737172813
-737311274
-737860697
-738748436
-738764567
-740082200
-740551241
-740636661
-741811252
-742135711
-742900535
-743265334
-744481201
-745413040
-745513810
-748986927
-749172579
-749329664
-750965977
-751247742
-752750093
-753193164
-753455978
-753717623
-754832511
-754898932
-755419148
-756721822
-758074125
-758299320
-760603687
-761014835
-761431029
-762318427
-762414531
-762467742
-762901315
-763208045
-764776782
-765878186
-765922804
-767883883
-767907362
-768193380
-769294513
-770032103
-771610777
-771695389
-771726014
-771746510
-772089283
-774621098
-775012848
-775563827
-775803417
-776240029
-777036945
-777226303
-777567033
-778691945
-779327115
-779989977
-780528479
-781895462
-782259443
-782555376
-783184600
-783807246
-784835757
-786063365
-786502512
-786973816
-787392480
-788046607
-788825701
-789360326
-789435764
-789510229
-789531196
-789803513
-790147524
-790525228
-792399844
-792780862
-792933877
-793227895
-793262767
-793554413
-793913971
-794254741
-794536205
-795084599
-795110767
-795136765
-795370747
-796297353
-797046274
-797375915
-797389535
-797412351
-797883613
-798616855
-798863303
-799066884
-799137887
-802067998
-802161878
-803284208
-803420062
-805286737
-806252474
-807085074
-807818918
-807898436
-809392139
-814886234
-815475627
-815702743
-817413904
-817779414
-817996054
-818758782
-820604028
-822371291
-822397871
-822659064
-823558216
-823687496
-824171878
-825387223
-827346148
-828235926
-828526393
-830070351
-830541454
-830991180
-831304993
-831486911
-832740401
-832800748
-834245423
-836168699
-837200952
-837748101
-839291482
-841317940
-842123316
-842382776
-842466304
-842618420
-843613148
-843767570
-844557358
-844801550
-844868048
-844996486
-845581714
-846876121
-848005099
-849019776
-849889137
-850710267
-852128932
-852657490
-853044581
-853368910
-853502234
-853676765
-854087809
-854307156
-854805254
-855204190
-855654094
-856375076
-856392419
-856770058
-857501265
-858239897
-858318938
-858399024
-860918628
-862262987
-863516002
-863926231
-864290200
-864900349
-865382509
-865639854
-865958194
-866434441
-866521412
-867475791
-867980117
-868545497
-868560538
-868961233
-870127041
-870620230
-870691488
-871097386
-874458259
-874581963
-874747154
-874851581
-875293465
-877554593
-878261647
-879061269
-879160014
-879244465
-879901240
-880535074
-884620494
-885669782
-886112730
-886779021
-888260262
-888309089
-889004277
-889830106
-890144264
-890956139
-891698502
-891788875
-893015290
-893067369
-893092854
-894433712
-895166344
-895225439
-895399900
-896104268
-896146722
-896510242
-897645075
-897822634
-897920766
-898964319
-899598233
-900513586
-904678560
-904929316
-905388979
-905930361
-906714396
-907124214
-907667560
-907889035
-907935353
-908019891
-909495478
-909879378
-909928693
-911111079
-911503895
-912534855
-913459874
-913951371
-915064028
-917255019
-919616619
-921793593
-922379302
-922898918
-924347221
-925177212
-926394396
-926421729
-926790203
-926855307
-927577165
-928229870
-930477295
-930937135
-931527421
-931914259
-932489772
-933087203
-934110777
-935004223
-935619671
-937631847
-938777678
-939641342
-940487015
-941296194
-941442125
-941508623
-942242423
-942419633
-942991769
-944057260
-944488415
-946717928
-946912406
-949318511
-950403081
-950591907
-950690931
-951832165
-954154735
-954828974
-955628483
-956101233
-957214628
-958479586
-958699297
-959753113
-960651214
-961025739
-961145070
-961842402
-962163066
-962391565
-963323026
-963533266
-963647580
-963958721
-964897176
-965523189
-966555544
-967637933
-968065724
-968639088
-969971305
-970225782
-972408907
-972504874
-973524813
-973556306
-976463600
-976664048
-977456158
-977665511
-978902231
-978950022
-979316988
-979331097
-980040914
-980578283
-980693717
-981032340
-981055669
-981606102
-982421906
-982519824
-982731003
-983122550
-983534417
-983711373
-984521788
-984552750
-985595991
-985966016
-986326563
-986774851
-986792537
-988258279
-988597143
-991717864
-991753077
-992465476
-993905943
-994384460
-994974403
-995414970
-995491896
-995727998
-997067081
-997720487
-997874564
-999626388
-999717901
-1000340655
-1000963453
-1001426286
-1002647737
-1003994081
-1004370230
-1006352525
-1006556483
-1007882026
-1008550545
-1008612907
-1008679375
-1008709496
-1008973424
-1009747533
-1010650973
-1011336785
-1011424268
-1012436327
-1013201169
-1013929904
-1014541905
-1014691991
-1016611838
-1018410012
-1019704013
-1021136325
-1021248045
-1024958185
-1025554808
-1025728237
-1026887882
-1027754867
-1027955910
-1028110989
-1028618707
-1029074036
-1030767217
-1031205139
-1033159325
-1034932759
-1035556357
-1035958456
-1036149391
-1036438174
-1036783460
-1036923457
-1040184425
-1041112106
-1041611973
-1042709329
-1043438086
-1044045421
-1044243112
-1044326372
-1044451695
-1045501133
-1046295159
-1048102078
-1048739388
-1048801167
-1049131845
-1049800363
-1049944163
-1050091420
-1051854148
-1052176771
-1052181747
-1053996288
-1054453903
-1054766839
-1054861932
-1055379552
-1058602459
-1059184953
-1059715428
-1064012561
-1064439661
-1065006690
-1066502871
-1066643170
-1068793663
-1069340744
-1070246909
-1070963464
-1072085598
-1072229809
-1072346911
-1073511532
-1076043634
-1076582042
-1077138301
-1078833929
-1081606994
-1081675155
-1081720129
-1083104161
-1083119056
-1084588366
-1085057709
-1085174651
-1086319896
-1086430037
-1086875275
-1087565320
-1088021310
-1089488345
-1089699896
-1091019632
-1091868607
-1091892111
-1092457684
-1092547508
-1092720984
-1093799737
-1094827903
-1095009890
-1095127587
-1097931703
-1098576159
-1099472242
-1099901291
-1100037409
-1101048702
-1101120403
-1101369425
-1101773502
-1102696429
-1103848034
-1104110255
-1104357083
-1104463566
-1105754355
-1106168981
-1106838357
-1107684570
-1107841548
-1109126017
-1109942175
-1110726365
-1110834506
-1113025923
-1113066071
-1113592934
-1114831794
-1116259574
-1116708019
-1116914044
-1117806380
-1118501884
-1119422937
-1120047499
-1120617800
-1121326906
-1121728436
-1121740502
-1125431188
-1125678992
-1126738806
-1127501825
-1129504467
-1131595400
-1131688569
-1132405509
-1132997271
-1133108005
-1133557988
-1133769300
-1134147150
-1134211920
-1134617647
-1134711042
-1137403963
-1137577243
-1137582782
-1137647940
-1137750580
-1138199748
-1139155851
-1139418734
-1139572300
-1139655020
-1139803996
-1139814821
-1140219514
-1140972882
-1141581434
-1141978108
-1142355156
-1142797915
-1142798017
-1143083146
-1143215571
-1143227790
-1145708206
-1146386506
-1146459292
-1146804129
-1147385398
-1147461022
-1147917737
-1147919473
-1148277672
-1148926469
-1148992926
-1149585472
-1150485092
-1150836209
-1151959670
-1152864346
-1152993809
-1153219819
-1153983638
-1154934959
-1155345969
-1157762204
-1162543419
-1164944886
-1166245592
-1166301056
-1169396118
-1170650718
-1171851190
-1172484753
-1172956730
-1177966489
-1178080473
-1178161981
-1179892349
-1180666877
-1181652201
-1182047961
-1182281337
-1182306527
-1182562561
-1183421687
-1183766809
-1184246051
-1184444179
-1188180276
-1188525963
-1189037095
-1189348143
-1189488847
-1191254695
-1192831426
-1193069375
-1194470307
-1197037155
-1197534344
-1198410005
-1198450608
-1199935051
-1202271114
-1202976337
-1203746761
-1206466369
-1206662089
-1206883237
-1207524416
-1208258218
-1208310759
-1209303898
-1209999043
-1210347638
-1211884330
-1212223777
-1212609853
-1212936258
-1213354368
-1214554455
-1215409865
-1215501464
-1217012043
-1217254770
-1218477810
-1218946451
-1219484960
-1220059115
-1222703197
-1222970699
-1224779218
-1225468788
-1227797933
-1228138312
-1228226841
-1228420166
-1228492821
-1228724359
-1229099972
-1229390610
-1229487000
-1231618001
-1231916095
-1232005773
-1232625084
-1232706799
-1232842729
-1233199342
-1235892330
-1236859055
-1238272271
-1238608498
-1238979395
-1240310820
-1240618192
-1240680123
-1242474462
-1242815568
-1243152057
-1244674870
-1245344006
-1246156044
-1246602370
-1247368380
-1249638658
-1249760996
-1250062312
-1251931926
-1252283756
-1252372194
-1253225094
-1253775118
-1255113142
-1255131085
-1255646509
-1255733718
-1256074608
-1257647676
-1258899632
-1259170302
-1262014563
-1262158369
-1264351695
-1264354033
-1264530253
-1266198497
-1266220869
-1266250746
-1266985549
-1268690200
-1268694046
-1268713034
-1270230977
-1271092898
-1272590649
-1272896468
-1274335063
-1274629176
-1275217776
-1275731481
-1276268904
-1276597201
-1276669926
-1278701840
-1279025195
-1279450874
-1279710852
-1280157957
-1281537972
-1281719061
-1282029922
-1282976201
-1283002436
-1284861096
-1287197616
-1287561383
-1288080247
-1289372966
-1290016298
-1290432713
-1291727727
-1291911100
-1292414033
-1292638842
-1293323830
-1293335724
-1293896458
-1294327802
-1294913798
-1296281359
-1296287118
-1296480705
-1296592571
-1297021099
-1297825635
-1298539238
-1298683535
-1298698144
-1299237579
-1299547441
-1300482421
-1300515399
-1301177765
-1301188075
-1301355627
-1302123661
-1303834784
-1305201832
-1306451066
-1307277779
-1307921112
-1308364014
-1308615648
-1309036182
-1309329037
-1309724197
-1314050365
-1314116666
-1315414698
-1315956775
-1316225971
-1316426519
-1316450990
-1319295341
-1320075503
-1320504767
-1320600142
-1321161481
-1322070840
-1323491463
-1323566856
-1325526041
-1325928283
-1327059881
-1327396501
-1327769044
-1329105438
-1329272847
-1329471777
-1329771424
-1329892893
-1334012066
-1334109610
-1334653983
-1334942825
-1335740905
-1335966762
-1336040574
-1336281152
-1336762268
-1336904947
-1338235628
-1338623545
-1338803310
-1341436099
-1341886442
-1342659417
-1343235324
-1343739066
-1343802112
-1343843219
-1344091790
-1344303187
-1344957362
-1346074060
-1346745664
-1347055930
-1348281410
-1349187837
-1350324832
-1351296855
-1351364632
-1354375200
-1354505888
-1355931924
-1356135798
-1357771258
-1358121647
-1358354384
-1358736147
-1359552543
-1359823377
-1360081571
-1360161783
-1360875192
-1361036828
-1361867437
-1363118006
-1363554613
-1363766336
-1364204323
-1365131603
-1366945498
-1367471621
-1367565891
-1367943997
-1368128708
-1369008440
-1369504059
-1369786310
-1369825822
-1372873941
-1373676886
-1373705513
-1373868665
-1375162029
-1375461239
-1378015203
-1378138357
-1378728833
-1378987058
-1380070465
-1381109235
-1381423544
-1381946768
-1382002267
-1382495995
-1383681145
-1383717418
-1384594902
-1385165526
-1385381338
-1385594921
-1387337010
-1387393313
-1389474537
-1391560306
-1391906425
-1392027641
-1392141659
-1393704517
-1394912879
-1396038540
-1396348282
-1397653238
-1398180144
-1398561626
-1399944003
-1400014107
-1400387849
-1402086675
-1402150116
-1402763701
-1402962467
-1404569826
-1405445514
-1406207131
-1407050124
-1407507214
-1408609598
-1408660180
-1409782260
-1410105928
-1410569959
-1410842758
-1411058528
-1411626484
-1411666758
-1412894806
-1413249423
-1413667994
-1413938475
-1414531694
-1414794086
-1415333997
-1415642098
-1415710122
-1415925381
-1415983110
-1417259967
-1417936461
-1418502897
-1419458738
-1420025076
-1421075488
-1422303333
-1422563254
-1423723054
-1424277022
-1424778759
-1425018384
-1425081197
-1425136984
-1427428259
-1428568605
-1428613437
-1430635074
-1430711171
-1432400920
-1434382650
-1434771956
-1437034155
-1437131807
-1437235718
-1439130559
-1439398910
-1440099048
-1440208057
-1440250201
-1440375443
-1440697448
-1442770586
-1443411828
-1443516536
-1443753095
-1443834244
-1444446056
-1445536373
-1445570071
-1445679538
-1445688745
-1445821755
-1446256167
-1448096583
-1448370841
-1448455168
-1449354235
-1449496961
-1450192715
-1450275335
-1451003440
-1451408744
-1453058617
-1454088797
-1454244014
-1454770931
-1455520617
-1456745299
-1457016457
-1457226907
-1457757322
-1457758322
-1460452458
-1460538273
-1460814367
-1463022775
-1463419380
-1463958236
-1463997291
-1464253574
-1464432832
-1464939841
-1465838020
-1466172937
-1466394454
-1466605346
-1466722857
-1466909589
-1468742551
-1468791363
-1469123609
-1469560254
-1469638125
-1472033335
-1472694601
-1473313994
-1473750734
-1474216260
-1475557596
-1476212356
-1476339755
-1476785067
-1478210914
-1478468323
-1478825532
-1478995092
-1479479773
-1479843978
-1480685383
-1481231263
-1481911529
-1483398967
-1483407400
-1483544668
-1483717058
-1483740862
-1484560594
-1484615077
-1485018163
-1485847171
-1487463772
-1487517749
-1487836502
-1488313665
-1488480548
-1488772523
-1489684879
-1489695671
-1490777489
-1491530593
-1491943495
-1492315198
-1492760526
-1492930247
-1493165392
-1493658711
-1497074669
-1498116925
-1498327947
-1498805622
-1499046218
-1499591995
-1499673359
-1500597951
-1502334396
-1502876417
-1503375136
-1503785981
-1505184388
-1505600034
-1505655805
-1506361848
-1507832914
-1508679617
-1512356858
-1513659215
-1515535437
-1517667356
-1517744481
-1518650956
-1518692456
-1518971359
-1519780384
-1519806381
-1519949500
-1520031747
-1522464953
-1522496645
-1523419240
-1523515743
-1524726475
-1525056541
-1527724074
-1529902233
-1530072057
-1530218819
-1531598248
-1531780041
-1531899434
-1532327219
-1532981504
-1533586311
-1533623772
-1535126760
-1535130816
-1535397077
-1536718258
-1537286543
-1537401222
-1538136910
-1538370792
-1538485337
-1539215276
-1540797901
-1541443436
-1542939135
-1543672404
-1544673221
-1544787038
-1544841692
-1546627691
-1546794689
-1547368486
-1547527699
-1550678097
-1550713061
-1551101755
-1551220528
-1551274852
-1552020660
-1553522902
-1554709104
-1555218297
-1555279992
-1558052011
-1558644124
-1559912532
-1559972228
-1560066677
-1561260823
-1562894132
-1564466742
-1564733246
-1564863450
-1565066238
-1565639417
-1566505511
-1566667218
-1566830471
-1567302954
-1567772555
-1568636452
-1568742968
-1569639020
-1570047207
-1570073706
-1572086302
-1572190914
-1573686861
-1574766380
-1575206024
-1575225069
-1576009365
-1576029430
-1576441352
-1577454068
-1577652040
-1577947970
-1578419708
-1579735045
-1580971031
-1581575020
-1581849389
-1583170794
-1585260859
-1585901498
-1587032409
-1589995323
-1590246540
-1591295404
-1591509918
-1591909420
-1591921985
-1592487917
-1592491023
-1593282072
-1593689190
-1593863912
-1593931068
-1594361170
-1594448441
-1594732881
-1595794140
-1596236855
-1596339599
-1596924969
-1597182973
-1598714128
-1599136646
-1599950193
-1600295106
-1601206324
-1601558799
-1602283496
-1602363700
-1603570587
-1604029297
-1604485473
-1604762855
-1605371594
-1606219608
-1607239360
-1609335238
-1609364338
-1611370859
-1613305107
-1614001739
-1614747406
-1615126677
-1616320020
-1616514798
-1616562635
-1616823919
-1619268199
-1619417900
-1620056306
-1620776992
-1622757661
-1623089081
-1623562018
-1624470674
-1624845842
-1625014204
-1625700529
-1626699043
-1626779325
-1627431648
-1628235835
-1629402967
-1629730116
-1630358989
-1630557296
-1631473796
-1631508190
-1631870028
-1632678271
-1633528546
-1633703538
-1634214141
-1635542031
-1636242179
-1637062450
-1637490117
-1637624361
-1638155769
-1639636712
-1639771998
-1640945100
-1642489003
-1642886175
-1643193470
-1644426881
-1644483910
-1644619670
-1645757505
-1645934183
-1645955194
-1646301901
-1646654615
-1648218988
-1648561931
-1649906244
-1650695819
-1652112287
-1652215298
-1652354737
-1652884087
-1653434317
-1653992717
-1654786197
-1655032980
-1655088459
-1656631518
-1658071067
-1658148358
-1658517083
-1658528850
-1658626234
-1659168673
-1661106095
-1661405319
-1663405973
-1663847635
-1664144765
-1664196756
-1664252041
-1664702697
-1664779988
-1666640954
-1667969204
-1668084749
-1668377301
-1668596329
-1670000164
-1670142994
-1670352957
-1670520762
-1671224565
-1671548700
-1672229954
-1676222497
-1679334039
-1681049120
-1681782347
-1682797751
-1682896887
-1683530314
-1684035639
-1684530133
-1684635281
-1684859639
-1686202096
-1686388090
-1686932623
-1687469965
-1687897124
-1688919923
-1689325049
-1691290427
-1692256437
-1693323939
-1694743310
-1698149475
-1698203853
-1699431703
-1700534468
-1700978047
-1701044848
-1701490608
-1703452772
-1703696201
-1704057800
-1705986695
-1707093396
-1708678239
-1709134638
-1709359712
-1710556721
-1710744276
-1711251949
-1712571410
-1713135377
-1713156409
-1713498439
-1713501685
-1714515674
-1716427066
-1716510704
-1717335241
-1717471008
-1718011994
-1718100113
-1718804112
-1719643708
-1720499385
-1721271438
-1723707053
-1725136189
-1726582508
-1726979023
-1727240723
-1727860211
-1728947768
-1729553885
-1731254987
-1731734659
-1731946717
-1732096999
-1732309347
-1732622795
-1737081877
-1738048089
-1738552023
-1738726810
-1738851805
-1739675907
-1739751299
-1743431074
-1746114961
-1746275421
-1746761057
-1747158090
-1749784982
-1750390223
-1750445323
-1753029620
-1753180655
-1753478824
-1753656354
-1753850159
-1754828307
-1754898401
-1755731861
-1756784120
-1758033076
-1759863531
-1759974960
-1760252156
-1760416730
-1760532775
-1761515152
-1763828098
-1766562980
-1766651565
-1766693279
-1766844466
-1767297020
-1769107666
-1769638395
-1769792900
-1770223131
-1770628081
-1770709886
-1770715789
-1770854920
-1771208180
-1771550654
-1772035103
-1772762829
-1773697019
-1774492932
-1774496921
-1774638548
-1774868166
-1775132024
-1776859782
-1779355654
-1779544072
-1780132436
-1781366607
-1781670841
-1782036327
-1783953488
-1784975618
-1785006203
-1786510852
-1786669485
-1787814892
-1788401928
-1789029362
-1789676580
-1790751657
-1791910668
-1792748377
-1793814103
-1794323493
-1795106468
-1795679617
-1795976747
-1796144057
-1796502991
-1797231817
-1798000011
-1798216405
-1798785508
-1799277552
-1799918401
-1801125063
-1803115456
-1804346571
-1806364113
-1806582398
-1808778848
-1808899482
-1809393521
-1812373664
-1812593625
-1814406918
-1815090787
-1816123783
-1816260156
-1817205824
-1818221568
-1818263698
-1818294807
-1818490119
-1818829827
-1818946387
-1819540856
-1819948618
-1820090654
-1820391830
-1821865807
-1822481212
-1822938587
-1823504306
-1824105665
-1824196115
-1824709831
-1824824234
-1828271639
-1828272790
-1829519088
-1829562438
-1830667302
-1831415870
-1831449019
-1831713264
-1832343987
-1832362127
-1832858233
-1833896309
-1834021189
-1835402660
-1835452743
-1836161494
-1836171706
-1836262096
-1837710705
-1838092433
-1841002442
-1843784513
-1844437809
-1845167499
-1846495176
-1846656941
-1847987034
-1849974613
-1850227538
-1851643628
-1853883050
-1854189835
-1854311829
-1855223256
-1855604168
-1856182609
-1856461995
-1856695313
-1857880358
-1858142445
-1858775801
-1859373436
-1860485409
-1860572245
-1861048442
-1861766161
-1862902641
-1863434355
-1864317185
-1865532324
-1865842333
-1868376968
-1868390790
-1869698450
-1870035895
-1870587483
-1871872100
-1872711728
-1872825323
-1874268401
-1875408132
-1877966128
-1878246230
-1878417449
-1878453842
-1880348769
-1880405546
-1881259894
-1881825697
-1882619216
-1883795246
-1883798325
-1883868725
-1884060133
-1884635199
-1885009272
-1885088015
-1885350608
-1885428145
-1885809636
-1885876590
-1885979452
-1886457841
-1887329171
-1888448785
-1888764363
-1889436248
-1889505107
-1890833175
-1891469205
-1891765731
-1892056673
-1893706950
-1894901965
-1895601247
-1896623289
-1897117332
-1897166853
-1897239748
-1897314472
-1898127509
-1898387856
-1898543351
-1898827319
-1900058713
-1900182849
-1900596699
-1901093114
-1901378700
-1901394141
-1901756916
-1901800735
-1903757729
-1904005021
-1904478115
-1904543672
-1904826492
-1904978638
-1906165831
-1906546388
-1907640892
-1908281917
-1909049523
-1909742577
-1910297602
-1911286171
-1912785827
-1913354225
-1913437591
-1913602476
-1914011301
-1915871234
-1916390350
-1916468512
-1916704019
-1917019245
-1917288045
-1918513848
-1918907615
-1919465548
-1919543767
-1919688461
-1920399085
-1920459556
-1920551315
-1921225557
-1922557262
-1922579939
-1923225585
-1923706628
-1925341851
-1927105275
-1927745065
-1930270803
-1930951508
-1932210291
-1932298620
-1933353432
-1934090694
-1935621403
-1935779690
-1935829004
-1936288097
-1936583456
-1936764707
-1938555874
-1939396452
-1939467441
-1940039719
-1941755930
-1941878974
-1942031794
-1942527820
-1943026757
-1943071739
-1943314807
-1943429071
-1944145254
-1944872995
-1945103686
-1945157706
-1945384370
-1946791575
-1947052938
-1947448014
-1949063536
-1949069718
-1951468822
-1952264373
-1952622581
-1953636143
-1955758607
-1955792468
-1956102410
-1956887361
-1957403983
-1959476608
-1960867236
-1960876144
-1961188963
-1961667313
-1962224530
-1963321026
-1964475327
-1965022343
-1965679711
-1965833769
-1965842475
-1966911818
-1968300315
-1968351174
-1969912541
-1970361446
-1971519050
-1971586787
-1972223142
-1972454698
-1972460632
-1972739150
-1973624047
-1973797569
-1974217495
-1974675174
-1975222170
-1977137261
-1979362722
-1981625085
-1981885634
-1982123272
-1983366952
-1984073348
-1984111712
-1984541842
-1985359210
-1987419199
-1987930866
-1988297070
-1989194788
-1989222248
-1989753168
-1990047032
-1990123707
-1990245454
-1990926282
-1991066774
-1992274239
-1992881032
-1993798445
-1995329291
-1996070406
-1997168825
-1997900135
-1998069821
-1998174908
-1998978627
-1999299714
-1999746942
-2001561117
-2001788899
-2002389968
-2002409899
-2003027719
-2003126430
-2004579951
-2005187043
-2005414244
-2006783680
-2007334432
-2008280973
-2010851016
-2010859013
-2011564868
-2011853258
-2012464990
-2012626097
-2012883741
-2013972991
-2016101388
-2016121041
-2017025874
-2017386865
-2017431571
-2018600201
-2018658050
-2019159010
-2020132618
-2021901489
-2024943087
-2025627302
-2026556518
-2026614218
-2026759242
-2028101687
-2028203793
-2028750977
-2029467776
-2030464444
-2031256960
-2031604704
-2034150546
-2034704809
-2035224975
-2036093829
-2038333885
-2038849815
-2039706070
-2039736207
-2040143923
-2040486807
-2042030152
-2042044098
-2042051496
-2042287622
-2043337651
-2044218190
-2044747248
-2045424806
-2045430532
-2046389399
-2046428784
-2046698659
-2047201827
-2047362188
-2048297173
-2048689500
-2049402744
-2050454605
-2051647476
-2052508160
-2052993675
-2053085061
-2053793009
-2054418161
-2055310538
-2056176362
-2056414987
-2056635379
-2058342489
-2058365669
-2058647773
-2059197074
-2059242402
-2059601251
-2060420245
-2062820332
-2062888392
-2063402215
-2063552989
-2064084617
-2064977011
-2065344786
-2065816442
-2066286022
-2066553098
-2067162755
-2067286255
-2068214415
-2069122198
-2069215533
-2069516592
-2069736187
-2069908708
-2070261928
-2070498191
-2071042077
-2073200037
-2073776721
-2074492367
-2075261278
-2075510922
-2076777962
-2078522059
-2079000526
-2080092082
-2080459675
-2080791072
-2081097715
-2081342535
-2081925645
-2082914934
-2083233748
-2083644651
-2084684811
-2084990211
-2085188984
-2085232862
-2085327295
-2087666714
-2087764228
-2088075649
-2089180721
-2090006972
-2090629902
-2091322434
-2091360663
-2092687623
-2094268391
-2094329041
-2094700914
-2095144093
-2095739142
-2095852856
-2096092454
-2096830031
-2097965276
-2098611210
-2099018515
-2099851728
-2100048866
-2101166310
-2102264834
-2103147302
-2103639769
-2105912602
-2106265497
-2106605130
-2108262242
-2108500500
-2109610477
-2110005186
-2110241428
-2110638976
-2111267043
-2113196922
-2113786468
-2113874018
-2117766948
-2118103808
-2120811445
-2121503315
-2123380114
-2123491130
-2124039555
-2124280908
-2125244730
-2125247794
-2128011054
-2128062254
-2128385139
-2129346127
-2130040767
-2130702613
-2131046110
-2132298402
-2132499584
-2132656817
-2133935141
-2134657203
-2135561830
-2135904544
-2136688423
-2137450596
-2139405887
-2139424045
-2139617635
-2141300401
-2141780680
-2142996234
-2143201084
-2143870402
-2144972998
-2145762379
-2146288019
